0 366 0.734032 0.000000
1 390 0.807897 0.000000
2 216 0.796667 0.000000
3 81 0.869091 0.000000
4 124 0.820023 0.000000
5 16 0.587411 10.800000
6 0 0.000000 100.000000
7 16 0.485988 59.800000
8 8 0.834868 0.000000
9 0 0.000000 100.000000
10 0 0.000000 100.000000
11 147 0.777499 0.000000
12 42 0.684302 0.000000
13 107 0.764411 0.000000
14 43 0.859509 0.000000
15 63 0.690399 0.000000
16 16 0.752558 0.000000
17 160 0.782700 0.000000
18 5 0.642932 14.600000
19 7 0.698274 3.800000
20 11 0.745551 0.400000
21 0 0.000000 100.000000
22 179 0.756220 0.000000
23 25 0.808897 0.000000
24 31 0.763107 0.000000
25 108 0.765662 0.000000
26 3 0.764638 5.800000
27 15 0.849260 0.000000
28 5 0.445724 65.800000
29 8 0.616228 14.000000
30 0 0.000000 100.000000
31 5 0.629319 17.200000
32 13 0.892716 0.000000
33 0 0.000000 100.000000
34 5 0.440489 69.200000
35 0 0.000000 100.000000
36 12 0.513693 43.400000
37 7 0.560170 31.400000
38 3 0.390725 73.200000
39 26 0.738155 0.000000
40 22 0.816302 0.000000
41 0 0.000000 100.000000
42 0 0.000000 100.000000
43 0 0.000000 100.000000
44 0 0.000000 100.000000
45 0 0.000000 100.000000
46 0 0.000000 100.000000
47 1 0.476603 46.800000
48 88 0.852992 0.000000
49 0 0.000000 100.000000
50 0 0.000000 100.000000
51 5 0.738569 2.800000
52 0 0.000000 100.000000
53 1 0.660312 34.400000
54 2 0.302083 81.000000
55 25 0.792260 0.000000
56 0 0.000000 100.000000
57 1 0.909879 9.800000
58 0 0.000000 100.000000
59 0 0.000000 100.000000
60 0 0.000000 100.000000
61 0 0.000000 100.000000
62 31 0.801675 0.000000
63 0 0.000000 100.000000
64 16 0.728648 0.200000
65 16 0.748888 0.000000
66 0 0.000000 100.000000
67 4 0.510017 45.800000
68 0 0.000000 100.000000
69 1 0.223570 75.000000
70 0 0.000000 100.000000
71 8 0.567763 28.400000
72 0 0.000000 100.000000
73 14 0.611829 8.000000
74 0 0.000000 100.000000
75 4 0.963415 0.000000
76 0 0.000000 100.000000
77 1 0.272097 75.200000
78 0 0.000000 100.000000
79 0 0.000000 100.000000
80 0 0.000000 100.000000
81 0 0.000000 100.000000
82 0 0.000000 100.000000
83 99 0.785116 0.000000
84 69 0.775206 0.000000
85 104 0.909060 0.000000
86 0 0.000000 100.000000
87 374 0.786948 0.000000
88 0 0.000000 100.000000
89 3 0.445217 63.200000
90 0 0.000000 100.000000
91 0 0.000000 100.000000
92 0 0.000000 100.000000
93 0 0.000000 100.000000
94 0 0.000000 100.000000
95 0 0.000000 100.000000
96 0 0.000000 100.000000
97 73 0.780632 0.000000
98 1 0.712305 36.800000
99 12 0.677562 2.400000
100 60 0.798423 0.000000
101 66 0.759736 0.000000
102 4 0.497387 51.600000
103 0 0.000000 100.000000
104 0 0.000000 100.000000
105 0 0.000000 100.000000
106 0 0.000000 100.000000
107 0 0.000000 100.000000
108 5 0.630716 17.400000
109 2 0.171007 94.800000
110 0 0.000000 100.000000
111 135 0.785954 0.000000
112 50 0.932765 0.000000
113 0 0.000000 100.000000
114 1 0.668977 32.800000
115 0 0.000000 100.000000
116 2 0.544271 36.400000
117 0 0.000000 100.000000
118 3 0.789565 4.800000
119 1 0.194107 79.600000
120 23 0.869017 0.000000
121 0 0.000000 100.000000
122 0 0.000000 100.000000
123 0 0.000000 100.000000
124 7 0.701026 2.200000
125 0 0.000000 100.000000
126 8 0.566667 26.800000
127 3 0.441739 60.400000
128 2 0.742188 11.200000
129 0 0.000000 100.000000
130 0 0.000000 100.000000
131 0 0.000000 100.000000
132 7 0.635226 10.200000
133 2 0.416667 64.400000
134 102 0.731957 0.000000
135 37 0.864665 0.000000
136 235 0.801017 0.000000
137 28 0.751234 0.000000
138 2 0.243924 86.200000
139 1 0.381282 59.600000
140 0 0.000000 100.000000
141 0 0.000000 100.000000
142 82 0.775398 0.000000
143 0 0.000000 100.000000
144 0 0.000000 100.000000
145 0 0.000000 100.000000
146 18 0.860317 0.000000
147 0 0.000000 100.000000
148 18 0.873214 0.000000
149 8 0.387719 85.200000
150 12 0.740724 0.000000
151 0 0.000000 100.000000
152 6 0.373834 86.400000
153 0 0.000000 100.000000
154 0 0.000000 100.000000
155 0 0.000000 100.000000
156 0 0.000000 100.000000
157 0 0.000000 100.000000
158 0 0.000000 100.000000
159 0 0.000000 100.000000
160 0 0.000000 100.000000
161 0 0.000000 100.000000
162 0 0.000000 100.000000
163 0 0.000000 100.000000
164 0 0.000000 100.000000
165 0 0.000000 100.000000
166 0 0.000000 100.000000
167 0 0.000000 100.000000
168 86 0.749409 0.000000
169 11 0.480680 54.400000
170 51 0.776761 0.000000
171 18 0.814187 0.000000
172 5 0.652705 16.200000
173 4 0.182927 97.400000
174 1 0.663778 32.000000
175 18 0.870536 0.000000
176 99 0.850488 0.000000
177 0 0.000000 100.000000
178 93 0.837823 0.000000
179 63 0.785391 0.000000
180 111 0.790246 0.000000
181 73 0.925973 0.000000
182 20 0.781183 0.000000
183 253 0.788750 0.000000
184 0 0.000000 100.000000
185 0 0.000000 100.000000
186 0 0.000000 100.000000
187 11 0.638127 6.000000
188 0 0.000000 100.000000
189 0 0.000000 100.000000
190 0 0.000000 100.000000
191 0 0.000000 100.000000
192 0 0.000000 100.000000
193 0 0.000000 100.000000
194 0 0.000000 100.000000
195 1 0.584055 44.600000
196 1 0.317158 69.800000
197 4 0.695557 9.600000
198 1 0.369151 64.200000
199 2 0.850694 6.800000
200 3 0.792464 5.200000
201 0 0.000000 100.000000
202 0 0.000000 100.000000
203 1 0.246101 73.600000
204 0 0.000000 100.000000
205 0 0.000000 100.000000
206 0 0.000000 100.000000
207 0 0.000000 100.000000
208 2 0.447049 60.000000
209 2 0.418403 61.600000
210 18 0.847421 0.000000
211 0 0.000000 100.000000
212 0 0.000000 100.000000
213 23 0.743282 0.000000
214 0 0.000000 100.000000
215 0 0.000000 100.000000
216 0 0.000000 100.000000
217 0 0.000000 100.000000
218 0 0.000000 100.000000
219 0 0.000000 100.000000
220 0 0.000000 100.000000
221 0 0.000000 100.000000
222 0 0.000000 100.000000
223 3 0.292754 89.200000
224 0 0.000000 100.000000
225 0 0.000000 100.000000
226 0 0.000000 100.000000
227 0 0.000000 100.000000
228 0 0.000000 100.000000
229 0 0.000000 100.000000
230 0 0.000000 100.000000
231 0 0.000000 100.000000
232 0 0.000000 100.000000
233 0 0.000000 100.000000
234 0 0.000000 100.000000
235 0 0.000000 100.000000
236 3 1.000000 0.000000
237 4 0.915070 0.000000
238 4 0.897648 0.000000
239 0 0.000000 100.000000
240 0 0.000000 100.000000
241 0 0.000000 100.000000
242 0 0.000000 100.000000
243 0 0.000000 100.000000
244 3 0.497971 49.400000
245 17 0.824578 0.000000
246 0 0.000000 100.000000
247 0 0.000000 100.000000
248 0 0.000000 100.000000
249 0 0.000000 100.000000
250 0 0.000000 100.000000
251 0 0.000000 100.000000
252 0 0.000000 100.000000
253 0 0.000000 100.000000
254 0 0.000000 100.000000
255 0 0.000000 100.000000
256 0 0.000000 100.000000
257 0 0.000000 100.000000
258 0 0.000000 100.000000
259 0 0.000000 100.000000
260 0 0.000000 100.000000
261 0 0.000000 100.000000
262 0 0.000000 100.000000
263 0 0.000000 100.000000
264 0 0.000000 100.000000
265 0 0.000000 100.000000
266 0 0.000000 100.000000
267 0 0.000000 100.000000
268 0 0.000000 100.000000
269 0 0.000000 100.000000
270 0 0.000000 100.000000
271 0 0.000000 100.000000
272 0 0.000000 100.000000
273 483 0.881530 0.000000
274 438 0.782404 0.000000
275 10 0.607923 13.200000
276 0 0.000000 100.000000
277 25 0.756890 0.000000
278 352 0.804920 0.000000
279 41 0.880956 0.000000
280 21 0.868428 0.000000
281 15 0.847602 0.000000
282 12 0.838928 0.000000
283 1 0.627383 35.800000
284 0 0.000000 100.000000
285 0 0.000000 100.000000
286 360 0.742469 0.000000
287 5 0.457592 62.200000
288 0 0.000000 100.000000
289 0 0.000000 100.000000
290 4 0.755662 3.000000
291 0 0.000000 100.000000
292 0 0.000000 100.000000
293 5 0.901920 0.000000
294 578 0.000000 100.000000
295 5 0.589180 23.800000
296 4 0.399390 75.000000
297 5 0.572077 27.800000
298 0 0.000000 100.000000
299 412 0.764534 0.000000
300 227 0.744933 0.000000
301 545 0.805004 0.000000
302 83 0.794889 0.000000
303 0 0.000000 100.000000
304 126 0.736410 0.000000
305 3 0.849275 1.800000
306 570 0.717105 1.800000
307 0 0.000000 100.000000
308 0 0.000000 100.000000
309 0 0.000000 100.000000
310 0 0.000000 100.000000
311 0 0.000000 100.000000
312 0 0.000000 100.000000
313 0 0.000000 100.000000
314 0 0.000000 100.000000
315 0 0.000000 100.000000
316 0 0.000000 100.000000
317 0 0.000000 100.000000
318 0 0.000000 100.000000
0 0 0.000000 0.000000
