0 368 0.751165 0.000000
1 399 0.786365 0.000000
2 236 0.817499 0.000000
3 87 0.787181 0.000000
4 127 0.815109 0.000000
5 7 0.558919 30.000000
6 0 0.000000 100.000000
7 12 0.650471 4.800000
8 11 0.746833 0.200000
9 0 0.000000 100.000000
10 0 0.000000 100.000000
11 171 0.804273 0.000000
12 57 0.675624 0.000000
13 122 0.785663 0.000000
14 46 0.863926 0.000000
15 58 0.778481 0.000000
16 15 0.602842 8.000000
17 141 0.779817 0.000000
18 5 0.424782 69.000000
19 5 0.418848 73.400000
20 7 0.962472 0.000000
21 0 0.000000 100.000000
22 177 0.794990 0.000000
23 27 0.904954 0.000000
24 28 0.777338 0.000000
25 103 0.829596 0.000000
26 1 0.135182 83.800000
27 17 0.807172 0.000000
28 1 0.462738 60.400000
29 7 0.644734 9.600000
30 0 0.000000 100.000000
31 6 0.383741 85.400000
32 12 0.821113 0.000000
33 0 0.000000 100.000000
34 3 0.158841 98.000000
35 0 0.000000 100.000000
36 12 0.531802 34.400000
37 5 0.420244 69.600000
38 2 0.901042 2.800000
39 36 0.800687 0.000000
40 38 0.721686 0.000000
41 0 0.000000 100.000000
42 0 0.000000 100.000000
43 0 0.000000 100.000000
44 0 0.000000 100.000000
45 0 0.000000 100.000000
46 0 0.000000 100.000000
47 1 0.246101 75.800000
48 93 0.828090 0.000000
49 0 0.000000 100.000000
50 0 0.000000 100.000000
51 4 0.827526 1.000000
52 0 0.000000 100.000000
53 0 0.000000 100.000000
54 4 0.708188 5.400000
55 41 0.874960 0.000000
56 7 0.368026 89.400000
57 0 0.000000 100.000000
58 0 0.000000 100.000000
59 0 0.000000 100.000000
60 0 0.000000 100.000000
61 1 0.991334 1.400000
62 51 0.780816 0.000000
63 0 0.000000 100.000000
64 13 0.449558 71.600000
65 13 0.660722 2.200000
66 0 0.000000 100.000000
67 1 0.237435 72.600000
68 0 0.000000 100.000000
69 0 0.000000 100.000000
70 0 0.000000 100.000000
71 9 0.482718 55.400000
72 1 0.441941 51.400000
73 14 0.515324 43.600000
74 0 0.000000 100.000000
75 5 0.467016 59.200000
76 0 0.000000 100.000000
77 2 0.382812 68.000000
78 0 0.000000 100.000000
79 0 0.000000 100.000000
80 0 0.000000 100.000000
81 0 0.000000 100.000000
82 0 0.000000 100.000000
83 104 0.739107 0.000000
84 74 0.669884 0.000000
85 103 0.874113 0.000000
86 0 0.000000 100.000000
87 364 0.769590 0.000000
88 0 0.000000 100.000000
89 2 0.412326 65.400000
90 1 0.518198 47.400000
91 0 0.000000 100.000000
92 0 0.000000 100.000000
93 0 0.000000 100.000000
94 0 0.000000 100.000000
95 0 0.000000 100.000000
96 0 0.000000 100.000000
97 80 0.833609 0.000000
98 1 0.053726 94.000000
99 13 0.592920 13.200000
100 67 0.874317 0.000000
101 73 0.851241 0.000000
102 4 0.379355 79.800000
103 0 0.000000 100.000000
104 0 0.000000 100.000000
105 0 0.000000 100.000000
106 0 0.000000 100.000000
107 0 0.000000 100.000000
108 9 0.603984 14.200000
109 5 0.373124 84.400000
110 0 0.000000 100.000000
111 125 0.777501 0.000000
112 55 0.902242 0.000000
113 0 0.000000 100.000000
114 4 0.560105 34.800000
115 0 0.000000 100.000000
116 1 0.934142 7.600000
117 0 0.000000 100.000000
118 4 0.770035 2.000000
119 1 0.570191 42.200000
120 24 0.879287 0.000000
121 0 0.000000 100.000000
122 2 0.557292 38.000000
123 0 0.000000 100.000000
124 5 0.617452 21.400000
125 0 0.000000 100.000000
126 6 0.705128 4.800000
127 7 0.326495 95.000000
128 6 0.505245 51.000000
129 0 0.000000 100.000000
130 0 0.000000 100.000000
131 1 0.225303 78.600000
132 5 0.675393 10.200000
133 2 0.480903 54.800000
134 98 0.734439 0.000000
135 43 0.890502 0.000000
136 234 0.785331 0.000000
137 21 0.677097 0.800000
138 2 0.065972 99.200000
139 0 0.000000 100.000000
140 0 0.000000 100.000000
141 0 0.000000 100.000000
142 72 0.764685 0.000000
143 0 0.000000 100.000000
144 0 0.000000 100.000000
145 0 0.000000 100.000000
146 11 0.911817 0.000000
147 0 0.000000 100.000000
148 23 0.808813 0.000000
149 8 0.714474 1.600000
150 11 0.662819 2.600000
151 0 0.000000 100.000000
152 4 0.462108 57.600000
153 0 0.000000 100.000000
154 0 0.000000 100.000000
155 0 0.000000 100.000000
156 0 0.000000 100.000000
157 0 0.000000 100.000000
158 0 0.000000 100.000000
159 0 0.000000 100.000000
160 0 0.000000 100.000000
161 0 0.000000 100.000000
162 0 0.000000 100.000000
163 0 0.000000 100.000000
164 0 0.000000 100.000000
165 0 0.000000 100.000000
166 0 0.000000 100.000000
167 0 0.000000 100.000000
168 111 0.770203 0.000000
169 13 0.520490 42.600000
170 47 0.795248 0.000000
171 17 0.860333 0.000000
172 4 0.512195 48.000000
173 3 0.413913 69.200000
174 2 0.856771 3.000000
175 17 0.872392 0.000000
176 91 0.830246 0.000000
177 0 0.000000 100.000000
178 70 0.770135 0.000000
179 71 0.797122 0.000000
180 133 0.782665 0.000000
181 82 0.851323 0.000000
182 18 0.752183 0.000000
183 257 0.770561 0.000000
184 0 0.000000 100.000000
185 0 0.000000 100.000000
186 0 0.000000 100.000000
187 12 0.654741 5.000000
188 0 0.000000 100.000000
189 0 0.000000 100.000000
190 0 0.000000 100.000000
191 0 0.000000 100.000000
192 0 0.000000 100.000000
193 0 0.000000 100.000000
194 0 0.000000 100.000000
195 0 0.000000 100.000000
196 0 0.000000 100.000000
197 1 0.753899 25.200000
198 0 0.000000 100.000000
199 2 0.559028 38.400000
200 4 0.431620 69.000000
201 0 0.000000 100.000000
202 0 0.000000 100.000000
203 0 0.000000 100.000000
204 0 0.000000 100.000000
205 0 0.000000 100.000000
206 1 0.190641 81.200000
207 0 0.000000 100.000000
208 5 0.390576 81.600000
209 1 0.362218 64.800000
210 19 0.782318 0.000000
211 1 0.317158 68.000000
212 0 0.000000 100.000000
213 26 0.733208 0.000000
214 0 0.000000 100.000000
215 0 0.000000 100.000000
216 0 0.000000 100.000000
217 0 0.000000 100.000000
218 0 0.000000 100.000000
219 0 0.000000 100.000000
220 0 0.000000 100.000000
221 0 0.000000 100.000000
222 0 0.000000 100.000000
223 2 0.802951 8.400000
224 0 0.000000 100.000000
225 1 0.785095 22.000000
226 0 0.000000 100.000000
227 0 0.000000 100.000000
228 0 0.000000 100.000000
229 0 0.000000 100.000000
230 0 0.000000 100.000000
231 0 0.000000 100.000000
232 0 0.000000 100.000000
233 0 0.000000 100.000000
234 0 0.000000 100.000000
235 0 0.000000 100.000000
236 1 0.422877 56.200000
237 2 0.538194 37.800000
238 0 0.000000 100.000000
239 0 0.000000 100.000000
240 0 0.000000 100.000000
241 0 0.000000 100.000000
242 0 0.000000 100.000000
243 0 0.000000 100.000000
244 1 0.889081 9.600000
245 5 0.923909 0.000000
246 0 0.000000 100.000000
247 0 0.000000 100.000000
248 0 0.000000 100.000000
249 0 0.000000 100.000000
250 0 0.000000 100.000000
251 0 0.000000 100.000000
252 0 0.000000 100.000000
253 0 0.000000 100.000000
254 0 0.000000 100.000000
255 0 0.000000 100.000000
256 0 0.000000 100.000000
257 0 0.000000 100.000000
258 0 0.000000 100.000000
259 0 0.000000 100.000000
260 0 0.000000 100.000000
261 0 0.000000 100.000000
262 0 0.000000 100.000000
263 0 0.000000 100.000000
264 1 0.712305 31.000000
265 0 0.000000 100.000000
266 0 0.000000 100.000000
267 0 0.000000 100.000000
268 0 0.000000 100.000000
269 0 0.000000 100.000000
270 0 0.000000 100.000000
271 0 0.000000 100.000000
272 0 0.000000 100.000000
273 473 0.822823 0.000000
274 446 0.770859 0.000000
275 11 0.620491 8.400000
276 0 0.000000 100.000000
277 32 0.735520 0.000000
278 355 0.745961 0.000000
279 58 0.866744 0.000000
280 27 0.771258 0.000000
281 28 0.847727 0.000000
282 13 0.862083 0.000000
283 10 0.353345 95.600000
284 0 0.000000 100.000000
285 0 0.000000 100.000000
286 354 0.727300 0.000000
287 4 0.902875 0.000000
288 0 0.000000 100.000000
289 0 0.000000 100.000000
290 1 1.000000 0.200000
291 0 0.000000 100.000000
292 0 0.000000 100.000000
293 7 0.564674 33.200000
294 577 0.870017 13.400000
295 6 0.804487 0.200000
296 5 0.534729 35.400000
297 5 0.600349 25.400000
298 0 0.000000 100.000000
299 425 0.787236 0.000000
300 257 0.746803 0.000000
301 548 0.811983 0.000000
302 93 0.752289 0.000000
303 0 0.000000 100.000000
304 126 0.711880 0.000000
305 1 0.743501 28.400000
306 567 0.816418 0.000000
307 0 0.000000 100.000000
308 0 0.000000 100.000000
309 0 0.000000 100.000000
310 0 0.000000 100.000000
311 0 0.000000 100.000000
312 0 0.000000 100.000000
313 0 0.000000 100.000000
314 0 0.000000 100.000000
315 0 0.000000 100.000000
316 0 0.000000 100.000000
317 0 0.000000 100.000000
318 0 0.000000 100.000000
0 0 0.000000 0.000000
