0 379 0.769613 0.000000
1 409 0.772124 0.000000
2 218 0.808805 0.000000
3 87 0.800314 0.000000
4 111 0.776279 0.000000
5 9 0.615505 11.400000
6 0 0.000000 100.000000
7 12 0.650324 4.000000
8 15 0.798934 0.000000
9 1 0.273830 71.600000
10 0 0.000000 100.000000
11 143 0.760903 0.000000
12 39 0.680558 0.000000
13 100 0.756632 0.000000
14 46 0.767694 0.000000
15 54 0.845278 0.000000
16 12 0.564929 25.200000
17 176 0.775667 0.000000
18 8 0.589693 17.400000
19 3 0.750725 7.400000
20 3 0.685217 15.200000
21 0 0.000000 100.000000
22 190 0.774267 0.000000
23 27 0.786516 0.000000
24 33 0.691966 0.000000
25 118 0.813449 0.000000
26 2 0.513021 49.200000
27 17 0.882458 0.000000
28 0 0.000000 100.000000
29 5 0.620244 17.200000
30 0 0.000000 100.000000
31 5 0.734031 4.200000
32 22 0.734467 0.000000
33 0 0.000000 100.000000
34 5 0.745899 5.400000
35 0 0.000000 100.000000
36 4 0.516115 44.800000
37 3 0.866667 1.400000
38 0 0.000000 100.000000
39 24 0.853189 0.000000
40 22 0.722286 0.000000
41 0 0.000000 100.000000
42 1 0.497400 46.600000
43 1 0.651646 32.200000
44 0 0.000000 100.000000
45 0 0.000000 100.000000
46 0 0.000000 100.000000
47 4 0.438589 65.800000
48 85 0.771412 0.000000
49 0 0.000000 100.000000
50 0 0.000000 100.000000
51 9 0.768990 0.200000
52 0 0.000000 100.000000
53 3 0.085797 99.800000
54 4 0.418118 68.600000
55 33 0.864331 0.000000
56 3 0.511304 46.600000
57 1 0.755633 26.600000
58 1 0.533795 49.800000
59 0 0.000000 100.000000
60 0 0.000000 100.000000
61 1 0.015598 98.800000
62 42 0.788868 0.000000
63 1 0.585789 43.000000
64 15 0.767081 0.000000
65 16 0.692504 0.200000
66 0 0.000000 100.000000
67 1 0.934142 7.800000
68 0 0.000000 100.000000
69 1 0.088388 92.000000
70 0 0.000000 100.000000
71 11 0.504570 46.200000
72 0 0.000000 100.000000
73 9 0.410662 83.000000
74 1 0.383016 61.000000
75 3 0.616232 24.000000
76 0 0.000000 100.000000
77 1 0.051993 95.600000
78 0 0.000000 100.000000
79 0 0.000000 100.000000
80 0 0.000000 100.000000
81 0 0.000000 100.000000
82 0 0.000000 100.000000
83 115 0.767734 0.000000
84 77 0.747518 0.000000
85 114 0.839364 0.000000
86 0 0.000000 100.000000
87 389 0.761946 0.000000
88 0 0.000000 100.000000
89 4 0.557056 35.200000
90 0 0.000000 100.000000
91 0 0.000000 100.000000
92 0 0.000000 100.000000
93 0 0.000000 100.000000
94 0 0.000000 100.000000
95 0 0.000000 100.000000
96 0 0.000000 100.000000
97 62 0.776913 0.000000
98 0 0.000000 100.000000
99 14 0.678191 0.800000
100 49 0.791443 0.000000
101 64 0.783074 0.000000
102 1 0.975737 2.800000
103 0 0.000000 100.000000
104 0 0.000000 100.000000
105 0 0.000000 100.000000
106 0 0.000000 100.000000
107 0 0.000000 100.000000
108 6 0.488928 52.800000
109 2 0.048611 99.200000
110 0 0.000000 100.000000
111 130 0.769145 0.000000
112 65 0.821742 0.000000
113 0 0.000000 100.000000
114 11 0.412378 84.800000
115 0 0.000000 100.000000
116 0 0.000000 100.000000
117 0 0.000000 100.000000
118 3 0.816812 4.600000
119 0 0.000000 100.000000
120 22 0.813522 0.000000
121 0 0.000000 100.000000
122 4 0.524826 45.200000
123 0 0.000000 100.000000
124 9 0.371412 89.400000
125 0 0.000000 100.000000
126 5 0.219197 99.200000
127 5 0.887958 0.000000
128 3 0.925217 0.400000
129 0 0.000000 100.000000
130 0 0.000000 100.000000
131 0 0.000000 100.000000
132 7 0.563423 29.000000
133 3 0.482319 52.200000
134 93 0.713557 0.000000
135 39 0.857952 0.000000
136 235 0.797606 0.000000
137 28 0.757468 0.000000
138 0 0.000000 100.000000
139 0 0.000000 100.000000
140 0 0.000000 100.000000
141 0 0.000000 100.000000
142 77 0.745315 0.000000
143 0 0.000000 100.000000
144 0 0.000000 100.000000
145 0 0.000000 100.000000
146 10 0.880458 0.000000
147 0 0.000000 100.000000
148 15 0.818709 0.000000
149 5 0.551832 38.800000
150 9 0.476860 63.200000
151 0 0.000000 100.000000
152 4 0.638937 15.200000
153 0 0.000000 100.000000
154 0 0.000000 100.000000
155 0 0.000000 100.000000
156 0 0.000000 100.000000
157 0 0.000000 100.000000
158 0 0.000000 100.000000
159 0 0.000000 100.000000
160 0 0.000000 100.000000
161 0 0.000000 100.000000
162 0 0.000000 100.000000
163 0 0.000000 100.000000
164 1 0.679376 29.400000
165 0 0.000000 100.000000
166 0 0.000000 100.000000
167 0 0.000000 100.000000
168 98 0.732015 0.000000
169 11 0.676126 2.400000
170 50 0.818106 0.000000
171 23 0.804544 0.000000
172 6 0.656469 11.000000
173 2 0.250000 89.800000
174 0 0.000000 100.000000
175 15 0.981883 0.000000
176 111 0.865868 0.000000
177 0 0.000000 100.000000
178 71 0.825819 0.000000
179 72 0.752580 0.000000
180 117 0.769416 0.000000
181 82 0.892678 0.000000
182 15 0.723979 0.000000
183 255 0.793905 0.000000
184 0 0.000000 100.000000
185 0 0.000000 100.000000
186 0 0.000000 100.000000
187 7 0.800600 0.600000
188 0 0.000000 100.000000
189 0 0.000000 100.000000
190 0 0.000000 100.000000
191 0 0.000000 100.000000
192 0 0.000000 100.000000
193 0 0.000000 100.000000
194 0 0.000000 100.000000
195 0 0.000000 100.000000
196 0 0.000000 100.000000
197 2 0.469618 56.600000
198 0 0.000000 100.000000
199 3 0.362899 78.400000
200 2 0.546875 44.000000
201 0 0.000000 100.000000
202 0 0.000000 100.000000
203 1 0.299827 70.000000
204 0 0.000000 100.000000
205 0 0.000000 100.000000
206 0 0.000000 100.000000
207 0 0.000000 100.000000
208 3 0.550145 37.200000
209 1 0.240901 73.400000
210 17 0.707665 0.200000
211 1 0.793761 20.600000
212 0 0.000000 100.000000
213 27 0.762452 0.000000
214 0 0.000000 100.000000
215 0 0.000000 100.000000
216 0 0.000000 100.000000
217 0 0.000000 100.000000
218 0 0.000000 100.000000
219 0 0.000000 100.000000
220 0 0.000000 100.000000
221 0 0.000000 100.000000
222 0 0.000000 100.000000
223 1 0.665511 34.600000
224 0 0.000000 100.000000
225 1 0.954939 5.400000
226 0 0.000000 100.000000
227 0 0.000000 100.000000
228 0 0.000000 100.000000
229 0 0.000000 100.000000
230 0 0.000000 100.000000
231 0 0.000000 100.000000
232 0 0.000000 100.000000
233 0 0.000000 100.000000
234 0 0.000000 100.000000
235 0 0.000000 100.000000
236 2 1.000000 0.000000
237 2 1.000000 0.000000
238 2 0.901910 3.600000
239 0 0.000000 100.000000
240 0 0.000000 100.000000
241 0 0.000000 100.000000
242 0 0.000000 100.000000
243 0 0.000000 100.000000
244 2 0.673611 25.200000
245 9 0.937122 0.000000
246 0 0.000000 100.000000
247 0 0.000000 100.000000
248 0 0.000000 100.000000
249 0 0.000000 100.000000
250 0 0.000000 100.000000
251 0 0.000000 100.000000
252 0 0.000000 100.000000
253 0 0.000000 100.000000
254 0 0.000000 100.000000
255 0 0.000000 100.000000
256 0 0.000000 100.000000
257 0 0.000000 100.000000
258 0 0.000000 100.000000
259 0 0.000000 100.000000
260 0 0.000000 100.000000
261 0 0.000000 100.000000
262 0 0.000000 100.000000
263 0 0.000000 100.000000
264 0 0.000000 100.000000
265 0 0.000000 100.000000
266 0 0.000000 100.000000
267 0 0.000000 100.000000
268 0 0.000000 100.000000
269 0 0.000000 100.000000
270 0 0.000000 100.000000
271 0 0.000000 100.000000
272 0 0.000000 100.000000
273 482 0.878285 0.000000
274 450 0.812587 0.000000
275 10 0.666373 2.800000
276 0 0.000000 100.000000
277 15 0.710953 0.200000
278 345 0.737426 0.000000
279 34 0.822610 0.000000
280 20 0.770520 0.000000
281 20 0.872939 0.000000
282 12 0.817874 0.000000
283 4 0.337108 84.200000
284 0 0.000000 100.000000
285 0 0.000000 100.000000
286 368 0.725362 0.000000
287 7 0.548161 31.200000
288 0 0.000000 100.000000
289 0 0.000000 100.000000
290 2 0.674479 21.400000
291 0 0.000000 100.000000
292 0 0.000000 100.000000
293 9 0.753954 0.600000
294 577 0.930676 7.400000
295 5 0.554276 33.000000
296 5 0.869459 0.200000
297 5 0.484119 52.800000
298 0 0.000000 100.000000
299 421 0.772728 0.000000
300 239 0.748349 0.000000
301 553 0.685425 0.000000
302 80 0.750502 0.000000
303 0 0.000000 100.000000
304 114 0.668860 0.000000
305 4 0.485192 53.600000
306 571 0.727045 1.600000
307 0 0.000000 100.000000
308 0 0.000000 100.000000
309 0 0.000000 100.000000
310 0 0.000000 100.000000
311 0 0.000000 100.000000
312 0 0.000000 100.000000
313 0 0.000000 100.000000
314 0 0.000000 100.000000
315 0 0.000000 100.000000
316 0 0.000000 100.000000
317 0 0.000000 100.000000
318 0 0.000000 100.000000
0 0 0.000000 0.000000
