0 365 0.753695 0.000000
1 409 0.738979 0.000000
2 239 0.825107 0.000000
3 90 0.817555 0.000000
4 124 0.813521 0.000000
5 9 0.549502 31.000000
6 0 0.000000 100.000000
7 15 0.541622 31.600000
8 11 0.876543 0.000000
9 0 0.000000 100.000000
10 0 0.000000 100.000000
11 159 0.806427 0.000000
12 46 0.667702 0.000000
13 115 0.788769 0.000000
14 50 0.816667 0.000000
15 62 0.718867 0.000000
16 16 0.691837 0.400000
17 174 0.772704 0.000000
18 8 0.377851 86.000000
19 6 0.538462 36.400000
20 5 0.650262 13.800000
21 0 0.000000 100.000000
22 189 0.798316 0.000000
23 21 0.828161 0.000000
24 25 0.613816 3.600000
25 126 0.799357 0.000000
26 4 0.491725 55.600000
27 20 0.728405 0.000000
28 1 0.979203 3.400000
29 5 0.795113 1.000000
30 0 0.000000 100.000000
31 5 0.430017 70.400000
32 16 0.820841 0.000000
33 0 0.000000 100.000000
34 7 0.685764 5.000000
35 1 0.953206 5.200000
36 11 0.744108 0.000000
37 6 0.723193 3.200000
38 0 0.000000 100.000000
39 25 0.824087 0.000000
40 36 0.805863 0.000000
41 0 0.000000 100.000000
42 0 0.000000 100.000000
43 1 0.259965 75.400000
44 0 0.000000 100.000000
45 0 0.000000 100.000000
46 0 0.000000 100.000000
47 0 0.000000 100.000000
48 87 0.825339 0.000000
49 0 0.000000 100.000000
50 0 0.000000 100.000000
51 4 0.391551 75.000000
52 0 0.000000 100.000000
53 1 0.223570 77.800000
54 3 0.204638 97.000000
55 35 0.847935 0.000000
56 4 0.081446 99.800000
57 1 0.019064 99.400000
58 2 0.293403 84.400000
59 1 0.005199 99.000000
60 0 0.000000 100.000000
61 1 0.604853 39.000000
62 45 0.792203 0.000000
63 1 0.504333 52.000000
64 13 0.739687 0.000000
65 14 0.657675 2.000000
66 0 0.000000 100.000000
67 3 0.510145 44.600000
68 0 0.000000 100.000000
69 0 0.000000 100.000000
70 0 0.000000 100.000000
71 10 0.556338 27.800000
72 0 0.000000 100.000000
73 14 0.616008 7.200000
74 0 0.000000 100.000000
75 3 0.424928 67.600000
76 0 0.000000 100.000000
77 1 0.027730 97.200000
78 0 0.000000 100.000000
79 0 0.000000 100.000000
80 0 0.000000 100.000000
81 0 0.000000 100.000000
82 0 0.000000 100.000000
83 96 0.761778 0.000000
84 65 0.746259 0.000000
85 96 0.892873 0.000000
86 0 0.000000 100.000000
87 366 0.789166 0.000000
88 0 0.000000 100.000000
89 0 0.000000 100.000000
90 0 0.000000 100.000000
91 0 0.000000 100.000000
92 0 0.000000 100.000000
93 0 0.000000 100.000000
94 0 0.000000 100.000000
95 0 0.000000 100.000000
96 0 0.000000 100.000000
97 75 0.798304 0.000000
98 2 0.684028 21.000000
99 22 0.699559 0.000000
100 53 0.845714 0.000000
101 65 0.825161 0.000000
102 5 0.344503 88.000000
103 0 0.000000 100.000000
104 0 0.000000 100.000000
105 0 0.000000 100.000000
106 0 0.000000 100.000000
107 0 0.000000 100.000000
108 4 0.573606 34.400000
109 1 0.086655 91.600000
110 0 0.000000 100.000000
111 115 0.766645 0.000000
112 47 0.874905 0.000000
113 0 0.000000 100.000000
114 8 0.714254 0.800000
115 1 0.767764 23.600000
116 0 0.000000 100.000000
117 0 0.000000 100.000000
118 4 0.304007 92.200000
119 0 0.000000 100.000000
120 28 0.775390 0.000000
121 0 0.000000 100.000000
122 1 0.646447 35.600000
123 1 0.655113 35.000000
124 4 0.917247 0.000000
125 1 0.424610 58.400000
126 6 0.395105 82.200000
127 4 0.712108 7.400000
128 2 0.519097 42.000000
129 0 0.000000 100.000000
130 0 0.000000 100.000000
131 0 0.000000 100.000000
132 12 0.556243 26.200000
133 3 0.525797 47.000000
134 91 0.646795 0.000000
135 33 0.778315 0.000000
136 233 0.769746 0.000000
137 26 0.627648 1.400000
138 1 0.986135 2.800000
139 2 0.316840 81.400000
140 0 0.000000 100.000000
141 0 0.000000 100.000000
142 76 0.804624 0.000000
143 0 0.000000 100.000000
144 0 0.000000 100.000000
145 0 0.000000 100.000000
146 10 0.931162 0.000000
147 0 0.000000 100.000000
148 17 0.711020 0.400000
149 5 0.939965 0.000000
150 7 0.792094 0.200000
151 0 0.000000 100.000000
152 4 0.669425 14.000000
153 0 0.000000 100.000000
154 0 0.000000 100.000000
155 0 0.000000 100.000000
156 0 0.000000 100.000000
157 0 0.000000 100.000000
158 0 0.000000 100.000000
159 0 0.000000 100.000000
160 0 0.000000 100.000000
161 0 0.000000 100.000000
162 0 0.000000 100.000000
163 0 0.000000 100.000000
164 1 0.341421 64.600000
165 0 0.000000 100.000000
166 0 0.000000 100.000000
167 0 0.000000 100.000000
168 84 0.742602 0.000000
169 8 0.802412 0.000000
170 52 0.757751 0.000000
171 29 0.768796 0.000000
172 6 0.676282 6.200000
173 3 0.449275 66.200000
174 0 0.000000 100.000000
175 21 0.763358 0.000000
176 94 0.873769 0.000000
177 0 0.000000 100.000000
178 89 0.807633 0.000000
179 81 0.766997 0.000000
180 141 0.768083 0.000000
181 65 0.877523 0.000000
182 20 0.630466 2.400000
183 278 0.786175 0.000000
184 0 0.000000 100.000000
185 0 0.000000 100.000000
186 0 0.000000 100.000000
187 9 0.714899 0.800000
188 0 0.000000 100.000000
189 0 0.000000 100.000000
190 0 0.000000 100.000000
191 0 0.000000 100.000000
192 0 0.000000 100.000000
193 0 0.000000 100.000000
194 0 0.000000 100.000000
195 1 0.642981 32.000000
196 2 0.448785 59.400000
197 0 0.000000 100.000000
198 0 0.000000 100.000000
199 2 0.485243 53.200000
200 1 0.774697 23.000000
201 0 0.000000 100.000000
202 0 0.000000 100.000000
203 1 0.058925 94.600000
204 0 0.000000 100.000000
205 0 0.000000 100.000000
206 1 0.062392 93.200000
207 0 0.000000 100.000000
208 2 0.118056 97.200000
209 1 0.251300 73.800000
210 17 0.771417 0.200000
211 0 0.000000 100.000000
212 0 0.000000 100.000000
213 23 0.739679 0.000000
214 0 0.000000 100.000000
215 0 0.000000 100.000000
216 0 0.000000 100.000000
217 0 0.000000 100.000000
218 0 0.000000 100.000000
219 0 0.000000 100.000000
220 0 0.000000 100.000000
221 0 0.000000 100.000000
222 0 0.000000 100.000000
223 0 0.000000 100.000000
224 0 0.000000 100.000000
225 0 0.000000 100.000000
226 0 0.000000 100.000000
227 0 0.000000 100.000000
228 0 0.000000 100.000000
229 0 0.000000 100.000000
230 0 0.000000 100.000000
231 0 0.000000 100.000000
232 0 0.000000 100.000000
233 0 0.000000 100.000000
234 0 0.000000 100.000000
235 0 0.000000 100.000000
236 0 0.000000 100.000000
237 0 0.000000 100.000000
238 1 0.925477 5.200000
239 0 0.000000 100.000000
240 0 0.000000 100.000000
241 0 0.000000 100.000000
242 0 0.000000 100.000000
243 0 0.000000 100.000000
244 1 0.696707 29.800000
245 4 0.763937 2.200000
246 0 0.000000 100.000000
247 0 0.000000 100.000000
248 0 0.000000 100.000000
249 0 0.000000 100.000000
250 0 0.000000 100.000000
251 0 0.000000 100.000000
252 0 0.000000 100.000000
253 0 0.000000 100.000000
254 0 0.000000 100.000000
255 0 0.000000 100.000000
256 0 0.000000 100.000000
257 0 0.000000 100.000000
258 0 0.000000 100.000000
259 0 0.000000 100.000000
260 0 0.000000 100.000000
261 0 0.000000 100.000000
262 0 0.000000 100.000000
263 0 0.000000 100.000000
264 0 0.000000 100.000000
265 0 0.000000 100.000000
266 0 0.000000 100.000000
267 0 0.000000 100.000000
268 0 0.000000 100.000000
269 0 0.000000 100.000000
270 0 0.000000 100.000000
271 0 0.000000 100.000000
272 0 0.000000 100.000000
273 487 0.846086 0.000000
274 453 0.799223 0.000000
275 14 0.614868 7.200000
276 0 0.000000 100.000000
277 28 0.660130 0.000000
278 353 0.774466 0.000000
279 52 0.832882 0.000000
280 30 0.854866 0.000000
281 26 0.853191 0.000000
282 17 0.915277 0.000000
283 4 0.245209 95.400000
284 0 0.000000 100.000000
285 0 0.000000 100.000000
286 345 0.747055 0.000000
287 6 0.515443 43.200000
288 0 0.000000 100.000000
289 0 0.000000 100.000000
290 0 0.000000 100.000000
291 0 0.000000 100.000000
292 0 0.000000 100.000000
293 7 0.928446 0.000000
294 578 0.000000 100.000000
295 9 0.546963 32.400000
296 7 0.469102 62.000000
297 8 0.523904 38.800000
298 0 0.000000 100.000000
299 408 0.757569 0.000000
300 247 0.693078 0.000000
301 550 0.787597 0.000000
302 93 0.763796 0.000000
303 0 0.000000 100.000000
304 124 0.781299 0.000000
305 3 0.435942 65.400000
306 574 0.649826 15.000000
307 0 0.000000 100.000000
308 0 0.000000 100.000000
309 0 0.000000 100.000000
310 0 0.000000 100.000000
311 0 0.000000 100.000000
312 0 0.000000 100.000000
313 0 0.000000 100.000000
314 0 0.000000 100.000000
315 0 0.000000 100.000000
316 0 0.000000 100.000000
317 0 0.000000 100.000000
318 0 0.000000 100.000000
0 0 0.000000 0.000000
