0 373 0.746799 0.000000
1 417 0.805279 0.000000
2 238 0.798344 0.000000
3 104 0.819600 0.000000
4 133 0.796502 0.000000
5 12 0.497792 49.000000
6 0 0.000000 100.000000
7 7 0.626220 14.600000
8 17 0.641397 2.600000
9 0 0.000000 100.000000
10 0 0.000000 100.000000
11 144 0.797459 0.000000
12 44 0.685266 0.000000
13 108 0.784614 0.000000
14 39 0.816707 0.000000
15 57 0.796343 0.000000
16 12 0.654446 1.800000
17 154 0.779833 0.000000
18 7 0.584939 21.600000
19 7 0.600200 17.800000
20 9 0.952939 0.000000
21 0 0.000000 100.000000
22 175 0.784488 0.000000
23 27 0.824763 0.000000
24 37 0.809212 0.000000
25 94 0.808774 0.000000
26 1 0.805893 21.000000
27 19 0.824404 0.000000
28 3 0.701449 11.400000
29 4 0.501307 51.400000
30 0 0.000000 100.000000
31 3 0.782029 4.000000
32 17 0.800461 0.000000
33 0 0.000000 100.000000
34 1 0.852686 13.400000
35 0 0.000000 100.000000
36 9 0.269674 99.600000
37 7 0.563673 23.400000
38 1 0.239168 76.400000
39 30 0.765815 0.000000
40 26 0.753554 0.000000
41 0 0.000000 100.000000
42 0 0.000000 100.000000
43 3 0.337391 80.800000
44 0 0.000000 100.000000
45 0 0.000000 100.000000
46 0 0.000000 100.000000
47 5 0.343805 87.000000
48 103 0.716791 0.000000
49 0 0.000000 100.000000
50 0 0.000000 100.000000
51 5 0.750087 2.800000
52 0 0.000000 100.000000
53 0 0.000000 100.000000
54 4 0.675087 12.200000
55 34 0.785467 0.000000
56 2 0.856771 4.000000
57 2 0.531250 45.400000
58 0 0.000000 100.000000
59 0 0.000000 100.000000
60 0 0.000000 100.000000
61 0 0.000000 100.000000
62 42 0.722059 0.000000
63 0 0.000000 100.000000
64 13 0.486045 52.000000
65 13 0.663581 2.400000
66 0 0.000000 100.000000
67 1 0.105719 88.000000
68 0 0.000000 100.000000
69 0 0.000000 100.000000
70 0 0.000000 100.000000
71 10 0.391725 90.200000
72 0 0.000000 100.000000
73 11 0.476030 63.000000
74 0 0.000000 100.000000
75 6 0.768065 1.400000
76 0 0.000000 100.000000
77 1 0.084922 91.800000
78 0 0.000000 100.000000
79 0 0.000000 100.000000
80 0 0.000000 100.000000
81 0 0.000000 100.000000
82 0 0.000000 100.000000
83 98 0.818474 0.000000
84 81 0.703008 0.000000
85 106 0.873061 0.000000
86 0 0.000000 100.000000
87 381 0.750083 0.000000
88 0 0.000000 100.000000
89 4 0.635889 17.400000
90 0 0.000000 100.000000
91 0 0.000000 100.000000
92 0 0.000000 100.000000
93 0 0.000000 100.000000
94 0 0.000000 100.000000
95 0 0.000000 100.000000
96 0 0.000000 100.000000
97 71 0.852654 0.000000
98 0 0.000000 100.000000
99 13 0.816201 0.000000
100 59 0.860161 0.000000
101 73 0.847688 0.000000
102 5 0.591623 26.000000
103 0 0.000000 100.000000
104 0 0.000000 100.000000
105 0 0.000000 100.000000
106 0 0.000000 100.000000
107 0 0.000000 100.000000
108 7 0.526145 39.600000
109 2 0.511285 45.000000
110 0 0.000000 100.000000
111 118 0.742336 0.000000
112 57 0.871502 0.000000
113 0 0.000000 100.000000
114 5 0.602094 23.200000
115 0 0.000000 100.000000
116 0 0.000000 100.000000
117 0 0.000000 100.000000
118 6 0.870921 0.000000
119 0 0.000000 100.000000
120 28 0.845584 0.000000
121 0 0.000000 100.000000
122 2 0.516493 47.600000
123 0 0.000000 100.000000
124 3 0.827246 2.800000
125 1 0.024263 96.800000
126 8 0.535526 35.800000
127 7 0.876407 0.000000
128 5 0.714485 4.000000
129 0 0.000000 100.000000
130 0 0.000000 100.000000
131 0 0.000000 100.000000
132 9 0.522164 40.800000
133 0 0.000000 100.000000
134 97 0.749362 0.000000
135 40 0.824861 0.000000
136 223 0.792055 0.000000
137 25 0.662061 0.600000
138 1 0.019064 97.200000
139 1 0.525130 44.600000
140 0 0.000000 100.000000
141 0 0.000000 100.000000
142 97 0.749855 0.000000
143 0 0.000000 100.000000
144 0 0.000000 100.000000
145 0 0.000000 100.000000
146 15 0.802487 0.000000
147 0 0.000000 100.000000
148 21 0.856031 0.000000
149 5 0.916579 0.000000
150 12 0.494994 54.200000
151 0 0.000000 100.000000
152 4 0.663763 16.600000
153 0 0.000000 100.000000
154 0 0.000000 100.000000
155 0 0.000000 100.000000
156 0 0.000000 100.000000
157 0 0.000000 100.000000
158 0 0.000000 100.000000
159 0 0.000000 100.000000
160 0 0.000000 100.000000
161 0 0.000000 100.000000
162 0 0.000000 100.000000
163 0 0.000000 100.000000
164 0 0.000000 100.000000
165 0 0.000000 100.000000
166 0 0.000000 100.000000
167 0 0.000000 100.000000
168 95 0.744601 0.000000
169 11 0.483726 54.200000
170 36 0.729756 0.000000
171 19 0.848884 0.000000
172 4 0.661585 12.800000
173 7 0.459094 64.600000
174 1 0.960139 6.000000
175 19 0.855287 0.000000
176 89 0.901059 0.000000
177 0 0.000000 100.000000
178 68 0.837024 0.000000
179 71 0.809401 0.000000
180 126 0.802588 0.000000
181 75 0.883579 0.000000
182 18 0.758532 0.000000
183 245 0.791837 0.000000
184 0 0.000000 100.000000
185 0 0.000000 100.000000
186 0 0.000000 100.000000
187 8 0.528509 40.200000
188 0 0.000000 100.000000
189 0 0.000000 100.000000
190 0 0.000000 100.000000
191 0 0.000000 100.000000
192 0 0.000000 100.000000
193 0 0.000000 100.000000
194 0 0.000000 100.000000
195 1 0.136915 86.000000
196 1 0.998267 0.600000
197 2 0.622396 25.200000
198 0 0.000000 100.000000
199 2 0.598958 32.000000
200 7 0.393045 85.200000
201 0 0.000000 100.000000
202 0 0.000000 100.000000
203 1 0.072790 94.800000
204 0 0.000000 100.000000
205 0 0.000000 100.000000
206 1 0.029463 97.000000
207 0 0.000000 100.000000
208 3 0.175072 98.000000
209 0 0.000000 100.000000
210 20 0.810484 0.000000
211 0 0.000000 100.000000
212 1 0.686308 33.000000
213 26 0.801561 0.000000
214 0 0.000000 100.000000
215 0 0.000000 100.000000
216 0 0.000000 100.000000
217 0 0.000000 100.000000
218 0 0.000000 100.000000
219 0 0.000000 100.000000
220 0 0.000000 100.000000
221 0 0.000000 100.000000
222 0 0.000000 100.000000
223 2 0.219618 89.000000
224 0 0.000000 100.000000
225 0 0.000000 100.000000
226 0 0.000000 100.000000
227 0 0.000000 100.000000
228 0 0.000000 100.000000
229 0 0.000000 100.000000
230 0 0.000000 100.000000
231 0 0.000000 100.000000
232 0 0.000000 100.000000
233 0 0.000000 100.000000
234 0 0.000000 100.000000
235 0 0.000000 100.000000
236 2 0.441840 57.400000
237 6 0.266900 98.200000
238 1 0.625650 35.600000
239 0 0.000000 100.000000
240 0 0.000000 100.000000
241 0 0.000000 100.000000
242 0 0.000000 100.000000
243 0 0.000000 100.000000
244 1 0.823224 18.000000
245 11 0.790925 0.000000
246 0 0.000000 100.000000
247 0 0.000000 100.000000
248 0 0.000000 100.000000
249 0 0.000000 100.000000
250 0 0.000000 100.000000
251 0 0.000000 100.000000
252 0 0.000000 100.000000
253 0 0.000000 100.000000
254 0 0.000000 100.000000
255 0 0.000000 100.000000
256 0 0.000000 100.000000
257 0 0.000000 100.000000
258 0 0.000000 100.000000
259 0 0.000000 100.000000
260 0 0.000000 100.000000
261 0 0.000000 100.000000
262 0 0.000000 100.000000
263 0 0.000000 100.000000
264 0 0.000000 100.000000
265 0 0.000000 100.000000
266 0 0.000000 100.000000
267 0 0.000000 100.000000
268 0 0.000000 100.000000
269 0 0.000000 100.000000
270 0 0.000000 100.000000
271 0 0.000000 100.000000
272 0 0.000000 100.000000
273 472 0.859110 0.000000
274 449 0.793857 0.000000
275 9 0.523335 36.800000
276 0 0.000000 100.000000
277 25 0.782785 0.000000
278 362 0.835392 0.000000
279 50 0.755947 0.000000
280 25 0.813526 0.000000
281 22 0.876635 0.000000
282 15 0.665601 1.200000
283 3 0.365217 80.800000
284 0 0.000000 100.000000
285 0 0.000000 100.000000
286 357 0.779510 0.000000
287 8 0.687061 2.200000
288 0 0.000000 100.000000
289 0 0.000000 100.000000
290 2 0.619792 27.400000
291 1 0.311958 68.800000
292 0 0.000000 100.000000
293 14 0.586626 13.600000
294 578 0.000000 100.000000
295 2 0.636285 25.800000
296 1 0.372617 64.000000
297 2 0.732639 15.000000
298 0 0.000000 100.000000
299 428 0.718255 0.000000
300 259 0.733651 0.000000
301 547 0.748953 0.000000
302 95 0.766024 0.000000
303 0 0.000000 100.000000
304 140 0.687378 0.000000
305 3 0.235362 96.200000
306 565 0.698775 0.600000
307 0 0.000000 100.000000
308 0 0.000000 100.000000
309 0 0.000000 100.000000
310 0 0.000000 100.000000
311 0 0.000000 100.000000
312 0 0.000000 100.000000
313 0 0.000000 100.000000
314 0 0.000000 100.000000
315 0 0.000000 100.000000
316 0 0.000000 100.000000
317 0 0.000000 100.000000
318 0 0.000000 100.000000
0 0 0.000000 0.000000
