0 358 0.754761 0.000000
1 379 0.772742 0.000000
2 220 0.796407 0.000000
3 75 0.798887 0.000000
4 118 0.776971 0.000000
5 9 0.637376 5.800000
6 0 0.000000 100.000000
7 13 0.658271 2.000000
8 13 0.670933 2.200000
9 1 0.117851 87.400000
10 0 0.000000 100.000000
11 153 0.767459 0.000000
12 47 0.748127 0.000000
13 104 0.763368 0.000000
14 45 0.866291 0.000000
15 58 0.723508 0.000000
16 16 0.654582 1.400000
17 169 0.725655 0.000000
18 4 0.511324 47.200000
19 7 0.628221 12.400000
20 4 0.781359 1.600000
21 0 0.000000 100.000000
22 173 0.816099 0.000000
23 24 0.838372 0.000000
24 34 0.807850 0.000000
25 102 0.856793 0.000000
26 2 0.876736 1.600000
27 16 0.838968 0.000000
28 2 0.411458 65.600000
29 3 0.503768 49.200000
30 0 0.000000 100.000000
31 3 0.486957 52.600000
32 16 0.722642 0.200000
33 0 0.000000 100.000000
34 4 0.464286 57.400000
35 3 0.512464 46.600000
36 12 0.727326 0.200000
37 7 0.566675 25.000000
38 1 0.126516 86.800000
39 33 0.874507 0.000000
40 28 0.728247 0.000000
41 0 0.000000 100.000000
42 0 0.000000 100.000000
43 1 0.265165 75.400000
44 0 0.000000 100.000000
45 0 0.000000 100.000000
46 0 0.000000 100.000000
47 2 0.305556 82.800000
48 84 0.765471 0.000000
49 0 0.000000 100.000000
50 0 0.000000 100.000000
51 6 0.759907 1.600000
52 0 0.000000 100.000000
53 0 0.000000 100.000000
54 3 0.721159 9.200000
55 25 0.811646 0.000000
56 3 0.667246 16.600000
57 0 0.000000 100.000000
58 1 0.857886 14.800000
59 0 0.000000 100.000000
60 0 0.000000 100.000000
61 2 0.606771 27.600000
62 33 0.745510 0.000000
63 0 0.000000 100.000000
64 14 0.684777 0.400000
65 14 0.700735 0.400000
66 0 0.000000 100.000000
67 0 0.000000 100.000000
68 0 0.000000 100.000000
69 1 0.051993 95.800000
70 0 0.000000 100.000000
71 10 0.392958 85.200000
72 1 0.220104 78.600000
73 14 0.449595 74.800000
74 0 0.000000 100.000000
75 3 0.946667 0.000000
76 0 0.000000 100.000000
77 1 0.209705 81.800000
78 0 0.000000 100.000000
79 0 0.000000 100.000000
80 0 0.000000 100.000000
81 0 0.000000 100.000000
82 0 0.000000 100.000000
83 95 0.716814 0.000000
84 70 0.702672 0.000000
85 104 0.846844 0.000000
86 0 0.000000 100.000000
87 372 0.773645 0.000000
88 0 0.000000 100.000000
89 2 0.883681 3.000000
90 0 0.000000 100.000000
91 0 0.000000 100.000000
92 0 0.000000 100.000000
93 0 0.000000 100.000000
94 0 0.000000 100.000000
95 0 0.000000 100.000000
96 0 0.000000 100.000000
97 50 0.788144 0.000000
98 0 0.000000 100.000000
99 9 0.877758 0.000000
100 41 0.755371 0.000000
101 65 0.750907 0.000000
102 3 0.748986 8.600000
103 0 0.000000 100.000000
104 0 0.000000 100.000000
105 0 0.000000 100.000000
106 0 0.000000 100.000000
107 0 0.000000 100.000000
108 9 0.784417 0.200000
109 3 0.618551 24.600000
110 0 0.000000 100.000000
111 132 0.784125 0.000000
112 62 0.854276 0.000000
113 0 0.000000 100.000000
114 7 0.426070 74.400000
115 0 0.000000 100.000000
116 0 0.000000 100.000000
117 0 0.000000 100.000000
118 1 0.989601 1.000000
119 0 0.000000 100.000000
120 28 0.771883 0.000000
121 0 0.000000 100.000000
122 0 0.000000 100.000000
123 0 0.000000 100.000000
124 5 0.715183 4.400000
125 1 0.719237 29.400000
126 6 0.096737 100.000000
127 1 0.720971 27.200000
128 2 0.791667 9.400000
129 0 0.000000 100.000000
130 0 0.000000 100.000000
131 0 0.000000 100.000000
132 7 0.483363 57.000000
133 2 0.836806 5.600000
134 95 0.737387 0.000000
135 35 0.870823 0.000000
136 212 0.792272 0.000000
137 21 0.790972 0.000000
138 0 0.000000 100.000000
139 0 0.000000 100.000000
140 0 0.000000 100.000000
141 0 0.000000 100.000000
142 71 0.727727 0.000000
143 0 0.000000 100.000000
144 0 0.000000 100.000000
145 0 0.000000 100.000000
146 14 0.832067 0.000000
147 0 0.000000 100.000000
148 16 0.751557 0.000000
149 11 0.876223 0.000000
150 8 0.742763 0.600000
151 0 0.000000 100.000000
152 3 0.500870 54.000000
153 0 0.000000 100.000000
154 0 0.000000 100.000000
155 0 0.000000 100.000000
156 0 0.000000 100.000000
157 0 0.000000 100.000000
158 0 0.000000 100.000000
159 0 0.000000 100.000000
160 0 0.000000 100.000000
161 0 0.000000 100.000000
162 0 0.000000 100.000000
163 0 0.000000 100.000000
164 0 0.000000 100.000000
165 0 0.000000 100.000000
166 0 0.000000 100.000000
167 0 0.000000 100.000000
168 96 0.760957 0.000000
169 11 0.402116 87.000000
170 49 0.857259 0.000000
171 22 0.806491 0.000000
172 4 0.594948 28.000000
173 4 0.651132 13.200000
174 1 0.823224 17.600000
175 22 0.831508 0.000000
176 101 0.859539 0.000000
177 0 0.000000 100.000000
178 78 0.780974 0.000000
179 61 0.819450 0.000000
180 124 0.755311 0.000000
181 81 0.856398 0.000000
182 19 0.852745 0.000000
183 263 0.758115 0.000000
184 0 0.000000 100.000000
185 0 0.000000 100.000000
186 0 0.000000 100.000000
187 4 0.512195 47.800000
188 0 0.000000 100.000000
189 0 0.000000 100.000000
190 0 0.000000 100.000000
191 0 0.000000 100.000000
192 0 0.000000 100.000000
193 0 0.000000 100.000000
194 0 0.000000 100.000000
195 1 0.774697 25.600000
196 0 0.000000 100.000000
197 3 0.627826 23.400000
198 0 0.000000 100.000000
199 4 0.436847 67.000000
200 3 0.615652 25.200000
201 0 0.000000 100.000000
202 0 0.000000 100.000000
203 2 0.004340 100.000000
204 0 0.000000 100.000000
205 0 0.000000 100.000000
206 0 0.000000 100.000000
207 0 0.000000 100.000000
208 3 0.150145 98.200000
209 3 0.671884 16.800000
210 18 0.809623 0.000000
211 0 0.000000 100.000000
212 0 0.000000 100.000000
213 28 0.782013 0.000000
214 0 0.000000 100.000000
215 0 0.000000 100.000000
216 0 0.000000 100.000000
217 0 0.000000 100.000000
218 0 0.000000 100.000000
219 0 0.000000 100.000000
220 0 0.000000 100.000000
221 0 0.000000 100.000000
222 0 0.000000 100.000000
223 4 0.429443 72.000000
224 0 0.000000 100.000000
225 1 0.904679 11.000000
226 0 0.000000 100.000000
227 0 0.000000 100.000000
228 0 0.000000 100.000000
229 0 0.000000 100.000000
230 0 0.000000 100.000000
231 0 0.000000 100.000000
232 0 0.000000 100.000000
233 0 0.000000 100.000000
234 0 0.000000 100.000000
235 0 0.000000 100.000000
236 1 0.207972 79.000000
237 3 0.989565 0.000000
238 2 0.944444 0.600000
239 0 0.000000 100.000000
240 0 0.000000 100.000000
241 0 0.000000 100.000000
242 0 0.000000 100.000000
243 0 0.000000 100.000000
244 1 0.996534 0.400000
245 12 0.960395 0.000000
246 0 0.000000 100.000000
247 0 0.000000 100.000000
248 0 0.000000 100.000000
249 0 0.000000 100.000000
250 0 0.000000 100.000000
251 0 0.000000 100.000000
252 0 0.000000 100.000000
253 0 0.000000 100.000000
254 0 0.000000 100.000000
255 0 0.000000 100.000000
256 0 0.000000 100.000000
257 0 0.000000 100.000000
258 0 0.000000 100.000000
259 0 0.000000 100.000000
260 0 0.000000 100.000000
261 0 0.000000 100.000000
262 0 0.000000 100.000000
263 0 0.000000 100.000000
264 0 0.000000 100.000000
265 0 0.000000 100.000000
266 0 0.000000 100.000000
267 0 0.000000 100.000000
268 0 0.000000 100.000000
269 0 0.000000 100.000000
270 0 0.000000 100.000000
271 0 0.000000 100.000000
272 0 0.000000 100.000000
273 485 0.881676 0.000000
274 451 0.766573 0.000000
275 10 0.572535 25.800000
276 0 0.000000 100.000000
277 17 0.860438 0.000000
278 356 0.810899 0.000000
279 32 0.690247 0.000000
280 25 0.792405 0.000000
281 22 0.813195 0.000000
282 13 0.690810 1.400000
283 5 0.573473 33.200000
284 0 0.000000 100.000000
285 0 0.000000 100.000000
286 343 0.759184 0.000000
287 7 0.595697 20.400000
288 0 0.000000 100.000000
289 0 0.000000 100.000000
290 1 0.197574 79.400000
291 0 0.000000 100.000000
292 0 0.000000 100.000000
293 9 0.699473 0.600000
294 577 0.844021 15.400000
295 4 0.683798 10.400000
296 4 0.671167 13.400000
297 4 0.650261 15.000000
298 0 0.000000 100.000000
299 392 0.776786 0.000000
300 218 0.717533 0.000000
301 546 0.740270 0.000000
302 89 0.795662 0.000000
303 0 0.000000 100.000000
304 114 0.671412 0.000000
305 3 0.814493 3.000000
306 571 0.735051 0.800000
307 0 0.000000 100.000000
308 0 0.000000 100.000000
309 0 0.000000 100.000000
310 0 0.000000 100.000000
311 0 0.000000 100.000000
312 0 0.000000 100.000000
313 0 0.000000 100.000000
314 0 0.000000 100.000000
315 0 0.000000 100.000000
316 0 0.000000 100.000000
317 0 0.000000 100.000000
318 0 0.000000 100.000000
0 0 0.000000 0.000000
