0 374 0.771417 0.000000
1 401 0.792327 0.000000
2 230 0.804698 0.000000
3 77 0.823859 0.000000
4 123 0.853408 0.000000
5 10 0.635563 7.600000
6 0 0.000000 100.000000
7 10 0.702113 1.600000
8 14 0.757092 0.000000
9 0 0.000000 100.000000
10 0 0.000000 100.000000
11 147 0.784223 0.000000
12 44 0.719910 0.000000
13 108 0.827581 0.000000
14 41 0.809602 0.000000
15 55 0.824022 0.000000
16 9 0.548526 34.200000
17 162 0.802484 0.000000
18 4 0.774390 2.600000
19 6 0.493007 56.400000
20 4 0.961237 0.000000
21 0 0.000000 100.000000
22 168 0.798258 0.000000
23 20 0.781541 0.000000
24 29 0.783619 0.000000
25 97 0.851662 0.000000
26 3 0.560000 39.400000
27 15 0.849497 0.000000
28 5 0.425131 73.400000
29 5 0.621640 19.200000
30 0 0.000000 100.000000
31 1 0.717504 24.800000
32 21 0.873814 0.000000
33 0 0.000000 100.000000
34 3 0.601159 29.200000
35 1 0.953206 4.800000
36 4 0.621951 19.600000
37 6 0.465035 62.000000
38 1 0.783362 21.000000
39 25 0.764123 0.000000
40 20 0.803405 0.000000
41 0 0.000000 100.000000
42 0 0.000000 100.000000
43 0 0.000000 100.000000
44 0 0.000000 100.000000
45 0 0.000000 100.000000
46 0 0.000000 100.000000
47 1 0.627383 37.000000
48 87 0.820118 0.000000
49 0 0.000000 100.000000
50 0 0.000000 100.000000
51 10 0.571127 20.600000
52 0 0.000000 100.000000
53 0 0.000000 100.000000
54 4 0.490418 52.000000
55 24 0.900120 0.000000
56 7 0.253440 98.800000
57 1 0.974003 3.000000
58 0 0.000000 100.000000
59 0 0.000000 100.000000
60 0 0.000000 100.000000
61 2 0.929688 1.000000
62 33 0.815958 0.000000
63 1 0.951473 5.800000
64 10 0.653873 6.200000
65 11 0.523489 39.000000
66 0 0.000000 100.000000
67 2 0.597222 37.000000
68 0 0.000000 100.000000
69 0 0.000000 100.000000
70 0 0.000000 100.000000
71 10 0.585739 20.200000
72 0 0.000000 100.000000
73 11 0.649351 7.200000
74 0 0.000000 100.000000
75 3 0.786087 4.600000
76 0 0.000000 100.000000
77 0 0.000000 100.000000
78 0 0.000000 100.000000
79 0 0.000000 100.000000
80 0 0.000000 100.000000
81 0 0.000000 100.000000
82 0 0.000000 100.000000
83 112 0.767876 0.000000
84 63 0.708430 0.000000
85 108 0.899232 0.000000
86 0 0.000000 100.000000
87 373 0.784503 0.000000
88 0 0.000000 100.000000
89 0 0.000000 100.000000
90 0 0.000000 100.000000
91 0 0.000000 100.000000
92 0 0.000000 100.000000
93 0 0.000000 100.000000
94 0 0.000000 100.000000
95 0 0.000000 100.000000
96 0 0.000000 100.000000
97 63 0.885653 0.000000
98 0 0.000000 100.000000
99 14 0.860182 0.000000
100 51 0.879786 0.000000
101 73 0.864913 0.000000
102 3 0.520580 43.600000
103 0 0.000000 100.000000
104 0 0.000000 100.000000
105 0 0.000000 100.000000
106 0 0.000000 100.000000
107 1 0.816291 19.400000
108 7 0.402802 82.800000
109 4 0.527439 39.400000
110 0 0.000000 100.000000
111 128 0.806597 0.000000
112 63 0.885899 0.000000
113 0 0.000000 100.000000
114 5 0.478185 57.600000
115 0 0.000000 100.000000
116 0 0.000000 100.000000
117 0 0.000000 100.000000
118 2 0.610243 31.800000
119 0 0.000000 100.000000
120 23 0.776968 0.000000
121 0 0.000000 100.000000
122 3 0.527536 42.600000
123 0 0.000000 100.000000
124 3 0.459130 60.600000
125 0 0.000000 100.000000
126 6 0.268648 97.200000
127 3 0.641159 21.200000
128 2 0.852431 5.200000
129 0 0.000000 100.000000
130 0 0.000000 100.000000
131 0 0.000000 100.000000
132 8 0.705921 1.600000
133 0 0.000000 100.000000
134 98 0.766475 0.000000
135 37 0.848079 0.000000
136 230 0.805535 0.000000
137 25 0.841374 0.000000
138 3 0.226667 96.000000
139 4 0.396777 76.000000
140 0 0.000000 100.000000
141 0 0.000000 100.000000
142 90 0.741849 0.000000
143 0 0.000000 100.000000
144 0 0.000000 100.000000
145 0 0.000000 100.000000
146 13 0.824506 0.000000
147 0 0.000000 100.000000
148 31 0.776317 0.000000
149 6 0.781469 0.800000
150 16 0.704960 0.400000
151 0 0.000000 100.000000
152 2 0.532118 44.000000
153 0 0.000000 100.000000
154 0 0.000000 100.000000
155 0 0.000000 100.000000
156 0 0.000000 100.000000
157 0 0.000000 100.000000
158 0 0.000000 100.000000
159 0 0.000000 100.000000
160 0 0.000000 100.000000
161 0 0.000000 100.000000
162 0 0.000000 100.000000
163 0 0.000000 100.000000
164 1 0.131716 86.200000
165 0 0.000000 100.000000
166 0 0.000000 100.000000
167 0 0.000000 100.000000
168 98 0.758185 0.000000
169 8 0.670833 5.000000
170 59 0.819536 0.000000
171 28 0.875909 0.000000
172 7 0.522392 40.200000
173 1 0.863085 12.600000
174 0 0.000000 100.000000
175 21 0.751047 0.000000
176 102 0.881756 0.000000
177 0 0.000000 100.000000
178 80 0.847239 0.000000
179 77 0.824740 0.000000
180 123 0.774716 0.000000
181 79 0.849649 0.000000
182 24 0.716381 0.000000
183 267 0.799908 0.000000
184 0 0.000000 100.000000
185 0 0.000000 100.000000
186 0 0.000000 100.000000
187 8 0.694518 3.200000
188 0 0.000000 100.000000
189 0 0.000000 100.000000
190 0 0.000000 100.000000
191 0 0.000000 100.000000
192 0 0.000000 100.000000
193 0 0.000000 100.000000
194 0 0.000000 100.000000
195 1 0.972270 2.600000
196 1 0.637782 37.200000
197 2 0.284722 84.200000
198 0 0.000000 100.000000
199 5 0.461431 61.400000
200 7 0.611208 15.000000
201 0 0.000000 100.000000
202 0 0.000000 100.000000
203 1 0.116118 90.000000
204 0 0.000000 100.000000
205 0 0.000000 100.000000
206 0 0.000000 100.000000
207 0 0.000000 100.000000
208 1 0.393414 57.400000
209 0 0.000000 100.000000
210 19 0.807834 0.000000
211 0 0.000000 100.000000
212 1 0.443674 58.600000
213 23 0.762946 0.000000
214 0 0.000000 100.000000
215 0 0.000000 100.000000
216 0 0.000000 100.000000
217 0 0.000000 100.000000
218 0 0.000000 100.000000
219 0 0.000000 100.000000
220 0 0.000000 100.000000
221 0 0.000000 100.000000
222 0 0.000000 100.000000
223 1 0.528596 47.600000
224 0 0.000000 100.000000
225 0 0.000000 100.000000
226 0 0.000000 100.000000
227 0 0.000000 100.000000
228 0 0.000000 100.000000
229 0 0.000000 100.000000
230 0 0.000000 100.000000
231 0 0.000000 100.000000
232 0 0.000000 100.000000
233 0 0.000000 100.000000
234 0 0.000000 100.000000
235 0 0.000000 100.000000
236 0 0.000000 100.000000
237 1 0.447140 53.600000
238 2 0.819444 6.600000
239 0 0.000000 100.000000
240 0 0.000000 100.000000
241 0 0.000000 100.000000
242 0 0.000000 100.000000
243 0 0.000000 100.000000
244 2 0.353299 74.400000
245 5 0.848168 0.600000
246 0 0.000000 100.000000
247 0 0.000000 100.000000
248 0 0.000000 100.000000
249 0 0.000000 100.000000
250 0 0.000000 100.000000
251 0 0.000000 100.000000
252 0 0.000000 100.000000
253 0 0.000000 100.000000
254 0 0.000000 100.000000
255 0 0.000000 100.000000
256 0 0.000000 100.000000
257 0 0.000000 100.000000
258 0 0.000000 100.000000
259 0 0.000000 100.000000
260 0 0.000000 100.000000
261 0 0.000000 100.000000
262 0 0.000000 100.000000
263 0 0.000000 100.000000
264 0 0.000000 100.000000
265 0 0.000000 100.000000
266 0 0.000000 100.000000
267 0 0.000000 100.000000
268 0 0.000000 100.000000
269 0 0.000000 100.000000
270 0 0.000000 100.000000
271 0 0.000000 100.000000
272 0 0.000000 100.000000
273 486 0.886876 0.000000
274 445 0.789355 0.000000
275 2 0.519965 44.800000
276 0 0.000000 100.000000
277 16 0.774800 0.000000
278 353 0.784602 0.000000
279 45 0.911320 0.000000
280 19 0.745692 0.000000
281 18 0.779563 0.000000
282 12 0.780330 0.200000
283 6 0.429779 73.800000
284 0 0.000000 100.000000
285 0 0.000000 100.000000
286 366 0.746946 0.000000
287 8 0.655921 8.600000
288 0 0.000000 100.000000
289 0 0.000000 100.000000
290 0 0.000000 100.000000
291 1 0.649913 35.000000
292 0 0.000000 100.000000
293 10 0.568486 25.600000
294 578 0.000000 100.000000
295 3 0.416232 69.400000
296 3 0.602899 27.000000
297 3 0.693333 11.600000
298 0 0.000000 100.000000
299 422 0.749195 0.000000
300 246 0.715533 0.000000
301 552 0.795290 0.000000
302 81 0.805127 0.000000
303 0 0.000000 100.000000
304 126 0.719220 0.000000
305 6 0.595571 19.600000
306 571 0.911684 0.000000
307 0 0.000000 100.000000
308 0 0.000000 100.000000
309 0 0.000000 100.000000
310 0 0.000000 100.000000
311 0 0.000000 100.000000
312 0 0.000000 100.000000
313 0 0.000000 100.000000
314 0 0.000000 100.000000
315 0 0.000000 100.000000
316 0 0.000000 100.000000
317 0 0.000000 100.000000
318 0 0.000000 100.000000
0 0 0.000000 0.000000
