0 388 0.766630 0.000000
1 414 0.797470 0.000000
2 257 0.782950 0.000000
3 92 0.849213 0.000000
4 132 0.817197 0.000000
5 7 0.720791 1.400000
6 0 0.000000 100.000000
7 8 0.709649 2.600000
8 16 0.757451 0.000000
9 1 0.448873 59.600000
10 0 0.000000 100.000000
11 154 0.770338 0.000000
12 43 0.693849 0.000000
13 118 0.777874 0.000000
14 40 0.794981 0.000000
15 68 0.724193 0.000000
16 15 0.714861 0.400000
17 149 0.814286 0.000000
18 8 0.638158 9.000000
19 3 0.912464 0.400000
20 4 0.702091 8.400000
21 0 0.000000 100.000000
22 172 0.774831 0.000000
23 19 0.770455 0.000000
24 29 0.720997 0.000000
25 104 0.802885 0.000000
26 4 0.569686 29.200000
27 14 0.806358 0.000000
28 7 0.733550 0.800000
29 7 0.474356 62.000000
30 0 0.000000 100.000000
31 3 0.639420 19.400000
32 11 0.869970 0.000000
33 0 0.000000 100.000000
34 6 0.518065 41.400000
35 0 0.000000 100.000000
36 10 0.548063 30.600000
37 3 0.762319 7.600000
38 1 0.939341 6.400000
39 19 0.739855 0.000000
40 18 0.728671 0.200000
41 0 0.000000 100.000000
42 1 0.083189 90.400000
43 1 0.311958 72.000000
44 0 0.000000 100.000000
45 0 0.000000 100.000000
46 0 0.000000 100.000000
47 4 0.516115 46.800000
48 114 0.765124 0.000000
49 0 0.000000 100.000000
50 0 0.000000 100.000000
51 4 0.358449 82.400000
52 0 0.000000 100.000000
53 1 0.346620 62.200000
54 3 0.553623 38.800000
55 34 0.827206 0.000000
56 2 0.142361 94.800000
57 1 0.213172 79.200000
58 0 0.000000 100.000000
59 0 0.000000 100.000000
60 0 0.000000 100.000000
61 1 0.649913 36.200000
62 38 0.796979 0.000000
63 2 0.324653 79.600000
64 11 0.485009 57.200000
65 13 0.673928 2.000000
66 0 0.000000 100.000000
67 4 0.782666 3.800000
68 0 0.000000 100.000000
69 1 0.162912 83.200000
70 0 0.000000 100.000000
71 14 0.364488 96.400000
72 1 0.575390 41.600000
73 17 0.775191 0.000000
74 0 0.000000 100.000000
75 8 0.855044 0.000000
76 0 0.000000 100.000000
77 0 0.000000 100.000000
78 0 0.000000 100.000000
79 0 0.000000 100.000000
80 0 0.000000 100.000000
81 0 0.000000 100.000000
82 0 0.000000 100.000000
83 97 0.775704 0.000000
84 91 0.736941 0.000000
85 105 0.900030 0.000000
86 0 0.000000 100.000000
87 382 0.781654 0.000000
88 0 0.000000 100.000000
89 3 0.637681 21.200000
90 0 0.000000 100.000000
91 0 0.000000 100.000000
92 0 0.000000 100.000000
93 0 0.000000 100.000000
94 0 0.000000 100.000000
95 0 0.000000 100.000000
96 0 0.000000 100.000000
97 73 0.760260 0.000000
98 0 0.000000 100.000000
99 13 0.715997 0.400000
100 62 0.756502 0.000000
101 65 0.813555 0.000000
102 3 0.664348 15.800000
103 0 0.000000 100.000000
104 0 0.000000 100.000000
105 0 0.000000 100.000000
106 0 0.000000 100.000000
107 0 0.000000 100.000000
108 9 0.703964 2.400000
109 0 0.000000 100.000000
110 1 0.996534 0.600000
111 116 0.752482 0.000000
112 50 0.905038 0.000000
113 0 0.000000 100.000000
114 5 0.654799 11.000000
115 0 0.000000 100.000000
116 0 0.000000 100.000000
117 0 0.000000 100.000000
118 6 0.636655 11.800000
119 3 0.531594 43.000000
120 25 0.748644 0.000000
121 0 0.000000 100.000000
122 3 0.508406 47.200000
123 0 0.000000 100.000000
124 1 0.876950 12.200000
125 0 0.000000 100.000000
126 6 0.518065 40.600000
127 7 0.686265 5.800000
128 4 0.361934 82.000000
129 0 0.000000 100.000000
130 0 0.000000 100.000000
131 0 0.000000 100.000000
132 13 0.537917 30.400000
133 2 0.510417 51.800000
134 115 0.719410 0.000000
135 41 0.835627 0.000000
136 242 0.799156 0.000000
137 31 0.768001 0.000000
138 3 0.529855 44.000000
139 3 0.213913 94.600000
140 0 0.000000 100.000000
141 0 0.000000 100.000000
142 79 0.695594 0.000000
143 0 0.000000 100.000000
144 0 0.000000 100.000000
145 0 0.000000 100.000000
146 19 0.862631 0.000000
147 0 0.000000 100.000000
148 14 0.748734 0.000000
149 6 0.699009 3.600000
150 6 0.514277 48.000000
151 0 0.000000 100.000000
152 3 0.713623 12.600000
153 0 0.000000 100.000000
154 0 0.000000 100.000000
155 0 0.000000 100.000000
156 0 0.000000 100.000000
157 0 0.000000 100.000000
158 0 0.000000 100.000000
159 0 0.000000 100.000000
160 0 0.000000 100.000000
161 0 0.000000 100.000000
162 0 0.000000 100.000000
163 0 0.000000 100.000000
164 0 0.000000 100.000000
165 0 0.000000 100.000000
166 0 0.000000 100.000000
167 0 0.000000 100.000000
168 98 0.747130 0.000000
169 7 0.610458 16.400000
170 51 0.823232 0.000000
171 21 0.799778 0.000000
172 4 0.511760 46.200000
173 1 0.057192 94.600000
174 1 0.847487 13.400000
175 20 0.880287 0.000000
176 87 0.853197 0.000000
177 0 0.000000 100.000000
178 80 0.856451 0.000000
179 80 0.778514 0.000000
180 124 0.806860 0.000000
181 63 0.875944 0.000000
182 20 0.822849 0.000000
183 255 0.783257 0.000000
184 0 0.000000 100.000000
185 0 0.000000 100.000000
186 0 0.000000 100.000000
187 12 0.513251 47.000000
188 0 0.000000 100.000000
189 0 0.000000 100.000000
190 0 0.000000 100.000000
191 0 0.000000 100.000000
192 0 0.000000 100.000000
193 0 0.000000 100.000000
194 0 0.000000 100.000000
195 4 0.591899 27.000000
196 0 0.000000 100.000000
197 3 0.370435 78.000000
198 0 0.000000 100.000000
199 0 0.000000 100.000000
200 3 0.210435 94.600000
201 0 0.000000 100.000000
202 0 0.000000 100.000000
203 1 0.019064 98.400000
204 0 0.000000 100.000000
205 0 0.000000 100.000000
206 0 0.000000 100.000000
207 0 0.000000 100.000000
208 5 0.379756 81.200000
209 1 0.426343 58.400000
210 19 0.884662 0.000000
211 0 0.000000 100.000000
212 0 0.000000 100.000000
213 27 0.813000 0.000000
214 0 0.000000 100.000000
215 0 0.000000 100.000000
216 0 0.000000 100.000000
217 0 0.000000 100.000000
218 0 0.000000 100.000000
219 0 0.000000 100.000000
220 0 0.000000 100.000000
221 0 0.000000 100.000000
222 0 0.000000 100.000000
223 1 0.972270 4.200000
224 0 0.000000 100.000000
225 1 0.622184 40.600000
226 0 0.000000 100.000000
227 0 0.000000 100.000000
228 0 0.000000 100.000000
229 0 0.000000 100.000000
230 0 0.000000 100.000000
231 0 0.000000 100.000000
232 0 0.000000 100.000000
233 0 0.000000 100.000000
234 0 0.000000 100.000000
235 0 0.000000 100.000000
236 1 0.363951 67.400000
237 4 0.698606 9.800000
238 2 0.718750 15.600000
239 0 0.000000 100.000000
240 0 0.000000 100.000000
241 0 0.000000 100.000000
242 0 0.000000 100.000000
243 0 0.000000 100.000000
244 1 0.705373 29.200000
245 8 0.915351 0.000000
246 0 0.000000 100.000000
247 0 0.000000 100.000000
248 0 0.000000 100.000000
249 0 0.000000 100.000000
250 0 0.000000 100.000000
251 0 0.000000 100.000000
252 0 0.000000 100.000000
253 0 0.000000 100.000000
254 0 0.000000 100.000000
255 0 0.000000 100.000000
256 0 0.000000 100.000000
257 0 0.000000 100.000000
258 0 0.000000 100.000000
259 0 0.000000 100.000000
260 0 0.000000 100.000000
261 1 0.698440 31.200000
262 0 0.000000 100.000000
263 0 0.000000 100.000000
264 0 0.000000 100.000000
265 0 0.000000 100.000000
266 0 0.000000 100.000000
267 0 0.000000 100.000000
268 0 0.000000 100.000000
269 0 0.000000 100.000000
270 0 0.000000 100.000000
271 0 0.000000 100.000000
272 0 0.000000 100.000000
273 456 0.889740 0.000000
274 454 0.758526 0.000000
275 15 0.373002 94.000000
276 0 0.000000 100.000000
277 28 0.864351 0.000000
278 352 0.739064 0.000000
279 45 0.816510 0.000000
280 21 0.825254 0.000000
281 14 0.849417 0.000000
282 9 0.895919 0.000000
283 4 0.844077 0.800000
284 0 0.000000 100.000000
285 0 0.000000 100.000000
286 352 0.754739 0.000000
287 10 0.547711 32.200000
288 0 0.000000 100.000000
289 0 0.000000 100.000000
290 1 1.000000 0.000000
291 0 0.000000 100.000000
292 0 0.000000 100.000000
293 9 0.623316 10.800000
294 578 0.000000 100.000000
295 7 0.606955 15.200000
296 6 0.757867 0.800000
297 7 0.462347 61.200000
298 0 0.000000 100.000000
299 428 0.751526 0.000000
300 251 0.722675 0.000000
301 548 0.681569 0.000000
302 100 0.795879 0.000000
303 0 0.000000 100.000000
304 155 0.696591 0.000000
305 2 0.499132 52.600000
306 570 0.812500 0.200000
307 0 0.000000 100.000000
308 0 0.000000 100.000000
309 0 0.000000 100.000000
310 0 0.000000 100.000000
311 0 0.000000 100.000000
312 0 0.000000 100.000000
313 0 0.000000 100.000000
314 0 0.000000 100.000000
315 0 0.000000 100.000000
316 0 0.000000 100.000000
317 0 0.000000 100.000000
318 0 0.000000 100.000000
0 0 0.000000 0.000000
