0 374 0.744076 0.000000
1 402 0.777109 0.000000
2 213 0.800643 0.000000
3 66 0.761216 0.000000
4 121 0.770928 0.000000
5 13 0.548536 30.200000
6 0 0.000000 100.000000
7 13 0.688768 0.800000
8 17 0.739436 0.000000
9 0 0.000000 100.000000
10 0 0.000000 100.000000
11 136 0.787048 0.000000
12 33 0.646594 0.000000
13 108 0.790268 0.000000
14 31 0.729551 0.000000
15 57 0.697545 0.000000
16 12 0.701561 0.600000
17 160 0.778230 0.000000
18 5 0.684119 8.800000
19 4 0.770470 3.800000
20 5 0.604538 19.600000
21 0 0.000000 100.000000
22 176 0.785589 0.000000
23 22 0.744277 0.000000
24 39 0.815898 0.000000
25 102 0.803365 0.000000
26 2 0.657986 21.200000
27 22 0.952011 0.000000
28 0 0.000000 100.000000
29 8 0.635307 9.000000
30 0 0.000000 100.000000
31 5 0.506457 49.600000
32 20 0.911918 0.000000
33 0 0.000000 100.000000
34 4 0.574913 31.000000
35 1 0.923744 6.000000
36 5 0.857592 0.200000
37 4 0.594512 27.000000
38 3 0.644638 19.800000
39 23 0.803525 0.000000
40 21 0.693511 0.000000
41 0 0.000000 100.000000
42 1 0.173310 82.600000
43 1 0.809359 20.600000
44 0 0.000000 100.000000
45 0 0.000000 100.000000
46 0 0.000000 100.000000
47 1 0.311958 69.800000
48 92 0.743492 0.000000
49 0 0.000000 100.000000
50 0 0.000000 100.000000
51 5 0.796859 1.200000
52 0 0.000000 100.000000
53 2 0.894965 2.000000
54 9 0.512595 43.400000
55 27 0.801170 0.000000
56 5 0.454450 63.000000
57 1 0.341421 64.200000
58 1 0.712305 28.600000
59 0 0.000000 100.000000
60 0 0.000000 100.000000
61 1 0.986135 1.800000
62 40 0.749675 0.000000
63 2 0.369792 72.200000
64 17 0.741848 0.000000
65 19 0.757932 0.000000
66 0 0.000000 100.000000
67 1 1.000000 0.600000
68 0 0.000000 100.000000
69 2 0.382812 71.000000
70 0 0.000000 100.000000
71 8 0.777412 0.200000
72 0 0.000000 100.000000
73 16 0.689835 0.600000
74 0 0.000000 100.000000
75 8 0.397588 82.800000
76 0 0.000000 100.000000
77 0 0.000000 100.000000
78 0 0.000000 100.000000
79 0 0.000000 100.000000
80 0 0.000000 100.000000
81 0 0.000000 100.000000
82 0 0.000000 100.000000
83 114 0.739924 0.000000
84 71 0.680307 0.000000
85 107 0.881223 0.000000
86 0 0.000000 100.000000
87 385 0.775910 0.000000
88 0 0.000000 100.000000
89 2 0.417535 66.600000
90 0 0.000000 100.000000
91 0 0.000000 100.000000
92 0 0.000000 100.000000
93 0 0.000000 100.000000
94 0 0.000000 100.000000
95 0 0.000000 100.000000
96 0 0.000000 100.000000
97 83 0.808714 0.000000
98 0 0.000000 100.000000
99 24 0.578069 9.400000
100 61 0.811682 0.000000
101 67 0.870345 0.000000
102 3 0.846377 1.800000
103 0 0.000000 100.000000
104 0 0.000000 100.000000
105 0 0.000000 100.000000
106 0 0.000000 100.000000
107 0 0.000000 100.000000
108 4 0.538763 38.600000
109 6 0.441434 69.200000
110 0 0.000000 100.000000
111 125 0.704830 0.000000
112 67 0.876274 0.000000
113 0 0.000000 100.000000
114 3 0.681739 14.000000
115 0 0.000000 100.000000
116 0 0.000000 100.000000
117 0 0.000000 100.000000
118 1 0.655113 34.400000
119 1 0.355286 66.600000
120 21 0.870565 0.000000
121 0 0.000000 100.000000
122 2 0.631944 23.600000
123 0 0.000000 100.000000
124 2 0.720486 16.800000
125 0 0.000000 100.000000
126 5 0.245026 98.000000
127 6 0.479312 55.000000
128 2 0.480903 50.600000
129 0 0.000000 100.000000
130 0 0.000000 100.000000
131 0 0.000000 100.000000
132 10 0.717077 1.600000
133 2 0.570312 40.200000
134 116 0.729325 0.000000
135 33 0.798276 0.000000
136 240 0.779672 0.000000
137 35 0.766167 0.000000
138 1 0.015598 98.200000
139 5 0.322513 92.600000
140 0 0.000000 100.000000
141 0 0.000000 100.000000
142 81 0.765432 0.000000
143 0 0.000000 100.000000
144 0 0.000000 100.000000
145 0 0.000000 100.000000
146 16 0.917593 0.000000
147 0 0.000000 100.000000
148 16 0.916036 0.000000
149 12 0.878386 0.000000
150 8 0.478289 55.600000
151 0 0.000000 100.000000
152 3 0.739710 6.600000
153 0 0.000000 100.000000
154 0 0.000000 100.000000
155 0 0.000000 100.000000
156 0 0.000000 100.000000
157 0 0.000000 100.000000
158 0 0.000000 100.000000
159 0 0.000000 100.000000
160 0 0.000000 100.000000
161 0 0.000000 100.000000
162 0 0.000000 100.000000
163 0 0.000000 100.000000
164 1 0.590988 39.600000
165 0 0.000000 100.000000
166 0 0.000000 100.000000
167 0 0.000000 100.000000
168 92 0.776458 0.000000
169 9 0.568444 30.000000
170 55 0.717712 0.000000
171 29 0.843289 0.000000
172 5 0.442234 64.800000
173 3 0.685217 13.400000
174 1 0.909879 10.600000
175 19 0.874117 0.000000
176 96 0.879452 0.000000
177 0 0.000000 100.000000
178 82 0.809476 0.000000
179 72 0.791831 0.000000
180 109 0.810039 0.000000
181 76 0.858277 0.000000
182 29 0.811318 0.000000
183 253 0.801520 0.000000
184 0 0.000000 100.000000
185 0 0.000000 100.000000
186 1 0.930676 7.200000
187 9 0.570592 23.000000
188 0 0.000000 100.000000
189 0 0.000000 100.000000
190 0 0.000000 100.000000
191 0 0.000000 100.000000
192 0 0.000000 100.000000
193 0 0.000000 100.000000
194 0 0.000000 100.000000
195 3 0.550145 40.800000
196 0 0.000000 100.000000
197 3 0.442899 65.400000
198 0 0.000000 100.000000
199 5 0.412565 75.000000
200 3 0.687536 11.600000
201 0 0.000000 100.000000
202 0 0.000000 100.000000
203 0 0.000000 100.000000
204 0 0.000000 100.000000
205 0 0.000000 100.000000
206 0 0.000000 100.000000
207 0 0.000000 100.000000
208 3 0.713043 11.400000
209 2 0.523438 48.800000
210 20 0.754570 0.000000
211 0 0.000000 100.000000
212 0 0.000000 100.000000
213 28 0.740325 0.000000
214 0 0.000000 100.000000
215 0 0.000000 100.000000
216 0 0.000000 100.000000
217 0 0.000000 100.000000
218 0 0.000000 100.000000
219 0 0.000000 100.000000
220 0 0.000000 100.000000
221 0 0.000000 100.000000
222 0 0.000000 100.000000
223 3 0.611014 25.400000
224 0 0.000000 100.000000
225 0 0.000000 100.000000
226 0 0.000000 100.000000
227 0 0.000000 100.000000
228 0 0.000000 100.000000
229 0 0.000000 100.000000
230 0 0.000000 100.000000
231 0 0.000000 100.000000
232 0 0.000000 100.000000
233 0 0.000000 100.000000
234 0 0.000000 100.000000
235 0 0.000000 100.000000
236 2 0.994792 0.000000
237 5 0.588133 26.800000
238 1 0.452340 54.800000
239 0 0.000000 100.000000
240 0 0.000000 100.000000
241 0 0.000000 100.000000
242 0 0.000000 100.000000
243 0 0.000000 100.000000
244 1 0.996534 0.400000
245 9 0.914470 0.000000
246 0 0.000000 100.000000
247 0 0.000000 100.000000
248 0 0.000000 100.000000
249 0 0.000000 100.000000
250 0 0.000000 100.000000
251 0 0.000000 100.000000
252 0 0.000000 100.000000
253 0 0.000000 100.000000
254 0 0.000000 100.000000
255 0 0.000000 100.000000
256 0 0.000000 100.000000
257 0 0.000000 100.000000
258 0 0.000000 100.000000
259 0 0.000000 100.000000
260 0 0.000000 100.000000
261 0 0.000000 100.000000
262 0 0.000000 100.000000
263 0 0.000000 100.000000
264 0 0.000000 100.000000
265 0 0.000000 100.000000
266 0 0.000000 100.000000
267 0 0.000000 100.000000
268 0 0.000000 100.000000
269 0 0.000000 100.000000
270 0 0.000000 100.000000
271 0 0.000000 100.000000
272 0 0.000000 100.000000
273 476 0.850861 0.000000
274 437 0.752106 0.000000
275 9 0.672134 4.000000
276 0 0.000000 100.000000
277 26 0.754250 0.000000
278 337 0.775712 0.000000
279 45 0.805837 0.000000
280 23 0.811281 0.000000
281 17 0.813463 0.000000
282 11 0.882957 0.000000
283 7 0.673255 7.200000
284 0 0.000000 100.000000
285 0 0.000000 100.000000
286 357 0.754160 0.000000
287 10 0.517782 38.400000
288 0 0.000000 100.000000
289 0 0.000000 100.000000
290 2 0.440972 61.600000
291 0 0.000000 100.000000
292 0 0.000000 100.000000
293 15 0.756661 0.000000
294 578 0.000000 100.000000
295 5 0.504014 48.000000
296 5 0.486562 53.800000
297 4 0.658972 15.800000
298 0 0.000000 100.000000
299 418 0.785392 0.000000
300 236 0.762315 0.000000
301 550 0.804481 0.000000
302 95 0.780582 0.000000
303 0 0.000000 100.000000
304 122 0.662838 0.000000
305 3 0.547246 33.800000
306 572 0.554487 32.600000
307 0 0.000000 100.000000
308 0 0.000000 100.000000
309 0 0.000000 100.000000
310 0 0.000000 100.000000
311 0 0.000000 100.000000
312 0 0.000000 100.000000
313 0 0.000000 100.000000
314 0 0.000000 100.000000
315 0 0.000000 100.000000
316 0 0.000000 100.000000
317 0 0.000000 100.000000
318 0 0.000000 100.000000
0 0 0.000000 0.000000
