0 348 0.781484 0.000000
1 411 0.830718 0.000000
2 218 0.801784 0.000000
3 86 0.824234 0.000000
4 135 0.833375 0.000000
5 7 0.535652 35.800000
6 0 0.000000 100.000000
7 12 0.496908 50.200000
8 20 0.418996 89.600000
9 1 0.760832 22.400000
10 0 0.000000 100.000000
11 150 0.813583 0.000000
12 49 0.689287 0.000000
13 109 0.819917 0.000000
14 39 0.845012 0.000000
15 62 0.792386 0.000000
16 11 0.866603 0.000000
17 178 0.809368 0.000000
18 5 0.582199 24.600000
19 3 0.412174 67.600000
20 11 0.964887 0.000000
21 0 0.000000 100.000000
22 197 0.797820 0.000000
23 30 0.804440 0.000000
24 36 0.834871 0.000000
25 115 0.803381 0.000000
26 1 0.022530 97.200000
27 23 0.788954 0.000000
28 1 0.660312 31.400000
29 9 0.482523 54.800000
30 0 0.000000 100.000000
31 2 0.623264 28.000000
32 23 0.955268 0.000000
33 0 0.000000 100.000000
34 4 0.147648 99.800000
35 0 0.000000 100.000000
36 10 0.430458 78.200000
37 3 0.612174 26.800000
38 2 0.200521 90.800000
39 33 0.828135 0.000000
40 23 0.801253 0.000000
41 0 0.000000 100.000000
42 0 0.000000 100.000000
43 1 0.273830 68.800000
44 0 0.000000 100.000000
45 0 0.000000 100.000000
46 0 0.000000 100.000000
47 1 0.157712 85.600000
48 89 0.793939 0.000000
49 0 0.000000 100.000000
50 0 0.000000 100.000000
51 6 0.923951 0.000000
52 0 0.000000 100.000000
53 0 0.000000 100.000000
54 5 0.582897 28.000000
55 27 0.797271 0.000000
56 5 0.445026 68.400000
57 1 0.412478 58.400000
58 1 0.410745 57.400000
59 0 0.000000 100.000000
60 0 0.000000 100.000000
61 0 0.000000 100.000000
62 34 0.776492 0.000000
63 0 0.000000 100.000000
64 7 0.793845 0.400000
65 7 0.813360 0.200000
66 0 0.000000 100.000000
67 3 0.452754 60.400000
68 0 0.000000 100.000000
69 1 0.414211 58.600000
70 0 0.000000 100.000000
71 5 0.511693 45.200000
72 0 0.000000 100.000000
73 10 0.760739 0.000000
74 1 0.417678 56.400000
75 5 0.355672 85.800000
76 0 0.000000 100.000000
77 1 0.230503 75.200000
78 0 0.000000 100.000000
79 0 0.000000 100.000000
80 0 0.000000 100.000000
81 0 0.000000 100.000000
82 0 0.000000 100.000000
83 96 0.744165 0.000000
84 71 0.720727 0.000000
85 99 0.871955 0.000000
86 0 0.000000 100.000000
87 360 0.782760 0.000000
88 0 0.000000 100.000000
89 5 0.275044 96.800000
90 0 0.000000 100.000000
91 0 0.000000 100.000000
92 0 0.000000 100.000000
93 0 0.000000 100.000000
94 0 0.000000 100.000000
95 0 0.000000 100.000000
96 0 0.000000 100.000000
97 62 0.849556 0.000000
98 0 0.000000 100.000000
99 15 0.849023 0.000000
100 47 0.856273 0.000000
101 80 0.824121 0.000000
102 1 0.123050 91.200000
103 0 0.000000 100.000000
104 0 0.000000 100.000000
105 0 0.000000 100.000000
106 0 0.000000 100.000000
107 1 0.441941 53.200000
108 3 0.691014 15.000000
109 3 0.591304 31.000000
110 0 0.000000 100.000000
111 127 0.816855 0.000000
112 58 0.851393 0.000000
113 0 0.000000 100.000000
114 2 0.349826 74.200000
115 0 0.000000 100.000000
116 0 0.000000 100.000000
117 0 0.000000 100.000000
118 4 0.944686 0.000000
119 0 0.000000 100.000000
120 27 0.846474 0.000000
121 0 0.000000 100.000000
122 3 0.637101 20.400000
123 0 0.000000 100.000000
124 2 0.969618 0.200000
125 1 0.253033 75.200000
126 11 0.966651 0.000000
127 2 0.927951 1.600000
128 1 0.838821 17.000000
129 0 0.000000 100.000000
130 0 0.000000 100.000000
131 0 0.000000 100.000000
132 7 0.467351 62.600000
133 3 0.501449 50.200000
134 113 0.842307 0.000000
135 41 0.912477 0.000000
136 243 0.815196 0.000000
137 28 0.767987 0.000000
138 0 0.000000 100.000000
139 1 0.675910 34.600000
140 0 0.000000 100.000000
141 0 0.000000 100.000000
142 68 0.796828 0.000000
143 0 0.000000 100.000000
144 0 0.000000 100.000000
145 0 0.000000 100.000000
146 17 0.880151 0.000000
147 0 0.000000 100.000000
148 18 0.653869 1.000000
149 6 0.777389 1.000000
150 5 0.426876 71.400000
151 0 0.000000 100.000000
152 3 0.693913 12.000000
153 0 0.000000 100.000000
154 0 0.000000 100.000000
155 0 0.000000 100.000000
156 0 0.000000 100.000000
157 0 0.000000 100.000000
158 0 0.000000 100.000000
159 0 0.000000 100.000000
160 0 0.000000 100.000000
161 0 0.000000 100.000000
162 0 0.000000 100.000000
163 0 0.000000 100.000000
164 0 0.000000 100.000000
165 0 0.000000 100.000000
166 0 0.000000 100.000000
167 0 0.000000 100.000000
168 99 0.784463 0.000000
169 9 0.506346 45.200000
170 52 0.782393 0.000000
171 30 0.901582 0.000000
172 2 0.314236 78.800000
173 4 0.403310 71.800000
174 0 0.000000 100.000000
175 14 0.713019 0.800000
176 101 0.859082 0.000000
177 0 0.000000 100.000000
178 69 0.783321 0.000000
179 77 0.850092 0.000000
180 132 0.791972 0.000000
181 76 0.877097 0.000000
182 17 0.838733 0.000000
183 259 0.839000 0.000000
184 0 0.000000 100.000000
185 0 0.000000 100.000000
186 0 0.000000 100.000000
187 11 0.586981 15.600000
188 0 0.000000 100.000000
189 0 0.000000 100.000000
190 0 0.000000 100.000000
191 0 0.000000 100.000000
192 0 0.000000 100.000000
193 0 0.000000 100.000000
194 0 0.000000 100.000000
195 1 0.908146 8.200000
196 2 0.662326 24.000000
197 1 0.738302 22.600000
198 0 0.000000 100.000000
199 3 0.352464 82.200000
200 0 0.000000 100.000000
201 0 0.000000 100.000000
202 0 0.000000 100.000000
203 1 0.090121 90.800000
204 0 0.000000 100.000000
205 0 0.000000 100.000000
206 0 0.000000 100.000000
207 0 0.000000 100.000000
208 3 0.494493 52.600000
209 0 0.000000 100.000000
210 13 0.838666 0.000000
211 0 0.000000 100.000000
212 0 0.000000 100.000000
213 17 0.849429 0.000000
214 0 0.000000 100.000000
215 0 0.000000 100.000000
216 0 0.000000 100.000000
217 0 0.000000 100.000000
218 0 0.000000 100.000000
219 0 0.000000 100.000000
220 0 0.000000 100.000000
221 0 0.000000 100.000000
222 0 0.000000 100.000000
223 2 0.625868 32.600000
224 0 0.000000 100.000000
225 0 0.000000 100.000000
226 0 0.000000 100.000000
227 0 0.000000 100.000000
228 0 0.000000 100.000000
229 0 0.000000 100.000000
230 1 0.129983 87.400000
231 0 0.000000 100.000000
232 0 0.000000 100.000000
233 0 0.000000 100.000000
234 1 0.686308 29.800000
235 0 0.000000 100.000000
236 4 0.713850 6.600000
237 4 0.826655 1.600000
238 2 0.741319 12.000000
239 0 0.000000 100.000000
240 0 0.000000 100.000000
241 0 0.000000 100.000000
242 0 0.000000 100.000000
243 0 0.000000 100.000000
244 3 0.526957 43.000000
245 15 0.705506 0.000000
246 0 0.000000 100.000000
247 0 0.000000 100.000000
248 0 0.000000 100.000000
249 0 0.000000 100.000000
250 0 0.000000 100.000000
251 0 0.000000 100.000000
252 0 0.000000 100.000000
253 0 0.000000 100.000000
254 0 0.000000 100.000000
255 0 0.000000 100.000000
256 0 0.000000 100.000000
257 0 0.000000 100.000000
258 0 0.000000 100.000000
259 0 0.000000 100.000000
260 0 0.000000 100.000000
261 0 0.000000 100.000000
262 0 0.000000 100.000000
263 0 0.000000 100.000000
264 0 0.000000 100.000000
265 0 0.000000 100.000000
266 0 0.000000 100.000000
267 0 0.000000 100.000000
268 0 0.000000 100.000000
269 0 0.000000 100.000000
270 0 0.000000 100.000000
271 0 0.000000 100.000000
272 0 0.000000 100.000000
273 486 0.903672 0.000000
274 463 0.815231 0.000000
275 12 0.830389 0.000000
276 0 0.000000 100.000000
277 21 0.809267 0.000000
278 366 0.788999 0.000000
279 43 0.757270 0.000000
280 25 0.815696 0.000000
281 18 0.818254 0.000000
282 10 0.781690 0.000000
283 7 0.579685 24.200000
284 0 0.000000 100.000000
285 0 0.000000 100.000000
286 355 0.795301 0.000000
287 7 0.387791 85.000000
288 0 0.000000 100.000000
289 0 0.000000 100.000000
290 5 0.490750 55.800000
291 0 0.000000 100.000000
292 0 0.000000 100.000000
293 15 0.410894 90.600000
294 578 0.000000 100.000000
295 6 0.293124 96.600000
296 5 0.244328 96.600000
297 5 0.297382 93.600000
298 0 0.000000 100.000000
299 402 0.758622 0.000000
300 251 0.763040 0.000000
301 556 0.813522 0.000000
302 89 0.811815 0.000000
303 0 0.000000 100.000000
304 114 0.752420 0.000000
305 2 0.360243 77.000000
306 567 0.703223 0.400000
307 0 0.000000 100.000000
308 0 0.000000 100.000000
309 0 0.000000 100.000000
310 0 0.000000 100.000000
311 0 0.000000 100.000000
312 0 0.000000 100.000000
313 0 0.000000 100.000000
314 0 0.000000 100.000000
315 0 0.000000 100.000000
316 0 0.000000 100.000000
317 0 0.000000 100.000000
318 0 0.000000 100.000000
0 0 0.000000 0.000000
