0 366 0.740205 0.000000
1 390 0.792867 0.000000
2 216 0.800395 0.000000
3 81 0.881884 0.000000
4 124 0.816115 0.000000
5 16 0.737211 0.000000
6 0 0.000000 100.000000
7 16 0.511010 46.800000
8 8 0.860088 0.000000
9 0 0.000000 100.000000
10 0 0.000000 100.000000
11 147 0.776836 0.000000
12 42 0.659115 0.000000
13 107 0.748973 0.000000
14 43 0.848902 0.000000
15 63 0.690276 0.000000
16 16 0.605093 5.400000
17 160 0.771965 0.000000
18 5 0.564398 31.000000
19 7 0.626470 17.200000
20 11 0.724707 0.600000
21 0 0.000000 100.000000
22 179 0.745243 0.000000
23 25 0.862857 0.000000
24 31 0.756679 0.000000
25 108 0.762864 0.000000
26 3 0.710725 10.800000
27 15 0.779159 0.000000
28 5 0.384293 79.000000
29 8 0.665570 5.800000
30 0 0.000000 100.000000
31 5 0.776963 3.000000
32 13 0.876651 0.000000
33 0 0.000000 100.000000
34 5 0.551134 39.800000
35 0 0.000000 100.000000
36 12 0.575088 21.200000
37 7 0.695271 5.400000
38 3 0.182029 98.000000
39 26 0.732720 0.000000
40 22 0.832325 0.000000
41 0 0.000000 100.000000
42 0 0.000000 100.000000
43 0 0.000000 100.000000
44 0 0.000000 100.000000
45 0 0.000000 100.000000
46 0 0.000000 100.000000
47 1 0.688042 30.600000
48 88 0.847588 0.000000
49 0 0.000000 100.000000
50 0 0.000000 100.000000
51 5 0.780803 2.200000
52 0 0.000000 100.000000
53 1 0.467938 53.800000
54 2 0.631944 30.600000
55 25 0.819675 0.000000
56 0 0.000000 100.000000
57 1 0.162912 83.000000
58 0 0.000000 100.000000
59 0 0.000000 100.000000
60 0 0.000000 100.000000
61 0 0.000000 100.000000
62 31 0.788524 0.000000
63 0 0.000000 100.000000
64 16 0.510899 43.200000
65 16 0.744773 0.000000
66 0 0.000000 100.000000
67 4 0.681185 10.200000
68 0 0.000000 100.000000
69 1 0.053726 96.000000
70 0 0.000000 100.000000
71 8 0.596711 18.600000
72 0 0.000000 100.000000
73 14 0.554078 23.000000
74 0 0.000000 100.000000
75 4 0.839721 0.200000
76 0 0.000000 100.000000
77 1 0.154246 86.600000
78 0 0.000000 100.000000
79 0 0.000000 100.000000
80 0 0.000000 100.000000
81 0 0.000000 100.000000
82 0 0.000000 100.000000
83 99 0.769596 0.000000
84 69 0.739387 0.000000
85 104 0.901290 0.000000
86 0 0.000000 100.000000
87 374 0.779228 0.000000
88 0 0.000000 100.000000
89 3 0.533913 39.800000
90 0 0.000000 100.000000
91 0 0.000000 100.000000
92 0 0.000000 100.000000
93 0 0.000000 100.000000
94 0 0.000000 100.000000
95 0 0.000000 100.000000
96 0 0.000000 100.000000
97 73 0.764980 0.000000
98 1 0.963605 4.800000
99 12 0.718492 0.200000
100 60 0.784395 0.000000
101 66 0.761541 0.000000
102 4 0.402003 73.400000
103 0 0.000000 100.000000
104 0 0.000000 100.000000
105 0 0.000000 100.000000
106 0 0.000000 100.000000
107 0 0.000000 100.000000
108 5 0.462129 62.200000
109 2 0.884549 4.400000
110 0 0.000000 100.000000
111 135 0.774601 0.000000
112 50 0.937538 0.000000
113 0 0.000000 100.000000
114 1 0.266898 74.800000
115 0 0.000000 100.000000
116 2 0.662326 26.000000
117 0 0.000000 100.000000
118 3 0.492754 52.600000
119 1 0.483536 51.600000
120 23 0.860870 0.000000
121 0 0.000000 100.000000
122 0 0.000000 100.000000
123 0 0.000000 100.000000
124 7 0.736302 2.600000
125 0 0.000000 100.000000
126 8 0.659211 8.000000
127 3 0.718841 11.600000
128 2 1.000000 0.000000
129 0 0.000000 100.000000
130 0 0.000000 100.000000
131 0 0.000000 100.000000
132 7 0.491619 52.000000
133 2 0.532986 43.200000
134 102 0.732534 0.000000
135 37 0.842784 0.000000
136 235 0.777334 0.000000
137 28 0.718571 0.000000
138 2 0.015625 99.600000
139 1 0.246101 79.200000
140 0 0.000000 100.000000
141 0 0.000000 100.000000
142 82 0.754081 0.000000
143 0 0.000000 100.000000
144 0 0.000000 100.000000
145 0 0.000000 100.000000
146 18 0.869940 0.000000
147 0 0.000000 100.000000
148 18 0.797917 0.000000
149 8 0.666228 5.800000
150 12 0.539900 30.400000
151 0 0.000000 100.000000
152 6 0.663462 8.000000
153 0 0.000000 100.000000
154 0 0.000000 100.000000
155 0 0.000000 100.000000
156 0 0.000000 100.000000
157 0 0.000000 100.000000
158 0 0.000000 100.000000
159 0 0.000000 100.000000
160 0 0.000000 100.000000
161 0 0.000000 100.000000
162 0 0.000000 100.000000
163 0 0.000000 100.000000
164 0 0.000000 100.000000
165 0 0.000000 100.000000
166 0 0.000000 100.000000
167 0 0.000000 100.000000
168 86 0.730242 0.000000
169 11 0.704986 1.000000
170 51 0.748484 0.000000
171 18 0.810020 0.000000
172 5 0.553927 34.000000
173 4 0.305314 90.000000
174 1 0.736568 27.600000
175 18 0.858829 0.000000
176 99 0.838173 0.000000
177 0 0.000000 100.000000
178 93 0.835406 0.000000
179 63 0.787610 0.000000
180 111 0.788433 0.000000
181 73 0.910213 0.000000
182 20 0.780645 0.000000
183 253 0.763649 0.000000
184 0 0.000000 100.000000
185 0 0.000000 100.000000
186 0 0.000000 100.000000
187 11 0.759981 0.000000
188 0 0.000000 100.000000
189 0 0.000000 100.000000
190 0 0.000000 100.000000
191 0 0.000000 100.000000
192 0 0.000000 100.000000
193 0 0.000000 100.000000
194 0 0.000000 100.000000
195 1 0.948007 4.400000
196 1 0.358752 66.200000
197 4 0.724303 6.200000
198 1 0.487002 52.000000
199 2 0.266493 84.800000
200 3 0.632464 19.600000
201 0 0.000000 100.000000
202 0 0.000000 100.000000
203 1 0.206239 80.800000
204 0 0.000000 100.000000
205 0 0.000000 100.000000
206 0 0.000000 100.000000
207 0 0.000000 100.000000
208 2 0.393229 68.000000
209 2 0.433160 62.600000
210 18 0.879861 0.000000
211 0 0.000000 100.000000
212 0 0.000000 100.000000
213 23 0.790991 0.000000
214 0 0.000000 100.000000
215 0 0.000000 100.000000
216 0 0.000000 100.000000
217 0 0.000000 100.000000
218 0 0.000000 100.000000
219 0 0.000000 100.000000
220 0 0.000000 100.000000
221 0 0.000000 100.000000
222 0 0.000000 100.000000
223 3 0.481159 56.200000
224 0 0.000000 100.000000
225 0 0.000000 100.000000
226 0 0.000000 100.000000
227 0 0.000000 100.000000
228 0 0.000000 100.000000
229 0 0.000000 100.000000
230 0 0.000000 100.000000
231 0 0.000000 100.000000
232 0 0.000000 100.000000
233 0 0.000000 100.000000
234 0 0.000000 100.000000
235 0 0.000000 100.000000
236 3 1.000000 0.000000
237 4 0.996080 0.000000
238 4 0.545296 37.600000
239 0 0.000000 100.000000
240 0 0.000000 100.000000
241 0 0.000000 100.000000
242 0 0.000000 100.000000
243 0 0.000000 100.000000
244 3 0.695072 14.600000
245 17 0.657544 1.200000
246 0 0.000000 100.000000
247 0 0.000000 100.000000
248 0 0.000000 100.000000
249 0 0.000000 100.000000
250 0 0.000000 100.000000
251 0 0.000000 100.000000
252 0 0.000000 100.000000
253 0 0.000000 100.000000
254 0 0.000000 100.000000
255 0 0.000000 100.000000
256 0 0.000000 100.000000
257 0 0.000000 100.000000
258 0 0.000000 100.000000
259 0 0.000000 100.000000
260 0 0.000000 100.000000
261 0 0.000000 100.000000
262 0 0.000000 100.000000
263 0 0.000000 100.000000
264 0 0.000000 100.000000
265 0 0.000000 100.000000
266 0 0.000000 100.000000
267 0 0.000000 100.000000
268 0 0.000000 100.000000
269 0 0.000000 100.000000
270 0 0.000000 100.000000
271 0 0.000000 100.000000
272 0 0.000000 100.000000
273 483 0.884407 0.000000
274 438 0.770776 0.000000
275 10 0.456690 66.000000
276 0 0.000000 100.000000
277 25 0.783580 0.000000
278 352 0.785537 0.000000
279 41 0.861925 0.000000
280 21 0.881252 0.000000
281 15 0.847128 0.000000
282 12 0.868669 0.000000
283 1 0.317158 69.400000
284 0 0.000000 100.000000
285 0 0.000000 100.000000
286 360 0.732734 0.000000
287 5 0.365794 83.600000
288 0 0.000000 100.000000
289 0 0.000000 100.000000
290 4 0.794425 1.400000
291 0 0.000000 100.000000
292 0 0.000000 100.000000
293 5 0.702269 5.000000
294 578 0.000000 100.000000
295 5 0.603141 25.000000
296 4 0.485192 49.600000
297 5 0.275044 97.400000
298 0 0.000000 100.000000
299 412 0.744678 0.000000
300 227 0.743176 0.000000
301 545 0.791993 0.000000
302 83 0.791700 0.000000
303 0 0.000000 100.000000
304 126 0.723557 0.000000
305 3 0.668986 15.400000
306 570 0.644079 8.600000
307 0 0.000000 100.000000
308 0 0.000000 100.000000
309 0 0.000000 100.000000
310 0 0.000000 100.000000
311 0 0.000000 100.000000
312 0 0.000000 100.000000
313 0 0.000000 100.000000
314 0 0.000000 100.000000
315 0 0.000000 100.000000
316 0 0.000000 100.000000
317 0 0.000000 100.000000
318 0 0.000000 100.000000
0 0 0.000000 0.000000
