0 368 0.743866 0.000000
1 399 0.779897 0.000000
2 236 0.795854 0.000000
3 87 0.786923 0.000000
4 127 0.819875 0.000000
5 7 0.821866 0.400000
6 0 0.000000 100.000000
7 12 0.705241 1.000000
8 11 0.569184 25.200000
9 0 0.000000 100.000000
10 0 0.000000 100.000000
11 171 0.783640 0.000000
12 57 0.675927 0.000000
13 122 0.773512 0.000000
14 46 0.875899 0.000000
15 58 0.765915 0.000000
16 15 0.351095 97.600000
17 141 0.762777 0.000000
18 5 0.760209 1.000000
19 5 0.437696 67.600000
20 7 0.986490 0.000000
21 0 0.000000 100.000000
22 177 0.774251 0.000000
23 27 0.891510 0.000000
24 28 0.751948 0.000000
25 103 0.813449 0.000000
26 1 0.211438 75.000000
27 17 0.819650 0.000000
28 1 0.889081 11.800000
29 7 0.496372 52.000000
30 0 0.000000 100.000000
31 6 0.495921 51.600000
32 12 0.820671 0.000000
33 0 0.000000 100.000000
34 3 0.393043 74.200000
35 0 0.000000 100.000000
36 12 0.476590 63.800000
37 5 0.291798 94.400000
38 2 0.889757 2.800000
39 36 0.715560 0.000000
40 38 0.714279 0.000000
41 0 0.000000 100.000000
42 0 0.000000 100.000000
43 0 0.000000 100.000000
44 0 0.000000 100.000000
45 0 0.000000 100.000000
46 0 0.000000 100.000000
47 1 0.091854 91.600000
48 93 0.809068 0.000000
49 0 0.000000 100.000000
50 0 0.000000 100.000000
51 4 0.610192 22.800000
52 0 0.000000 100.000000
53 0 0.000000 100.000000
54 4 0.578397 28.200000
55 41 0.867012 0.000000
56 7 0.620966 15.000000
57 0 0.000000 100.000000
58 0 0.000000 100.000000
59 0 0.000000 100.000000
60 0 0.000000 100.000000
61 1 0.960139 3.600000
62 51 0.801540 0.000000
63 0 0.000000 100.000000
64 13 0.614432 8.800000
65 13 0.602995 6.400000
66 0 0.000000 100.000000
67 1 0.786828 19.400000
68 0 0.000000 100.000000
69 0 0.000000 100.000000
70 0 0.000000 100.000000
71 9 0.777973 0.000000
72 1 0.414211 57.400000
73 14 0.611829 5.600000
74 0 0.000000 100.000000
75 5 0.777661 1.400000
76 0 0.000000 100.000000
77 2 0.312500 81.800000
78 0 0.000000 100.000000
79 0 0.000000 100.000000
80 0 0.000000 100.000000
81 0 0.000000 100.000000
82 0 0.000000 100.000000
83 104 0.737991 0.000000
84 74 0.646101 0.000000
85 103 0.852795 0.000000
86 0 0.000000 100.000000
87 364 0.754737 0.000000
88 0 0.000000 100.000000
89 2 0.485243 56.000000
90 1 0.554593 42.600000
91 0 0.000000 100.000000
92 0 0.000000 100.000000
93 0 0.000000 100.000000
94 0 0.000000 100.000000
95 0 0.000000 100.000000
96 0 0.000000 100.000000
97 80 0.822565 0.000000
98 1 0.065858 93.400000
99 13 0.745133 0.200000
100 67 0.854280 0.000000
101 73 0.833039 0.000000
102 4 0.535714 38.600000
103 0 0.000000 100.000000
104 0 0.000000 100.000000
105 0 0.000000 100.000000
106 0 0.000000 100.000000
107 0 0.000000 100.000000
108 9 0.689318 3.200000
109 5 0.348342 87.200000
110 0 0.000000 100.000000
111 125 0.751029 0.000000
112 55 0.892265 0.000000
113 0 0.000000 100.000000
114 4 0.552700 35.600000
115 0 0.000000 100.000000
116 1 0.870017 12.800000
117 0 0.000000 100.000000
118 4 0.673345 14.800000
119 1 0.324090 65.400000
120 24 0.827993 0.000000
121 0 0.000000 100.000000
122 2 0.486111 54.200000
123 0 0.000000 100.000000
124 5 0.698429 5.800000
125 0 0.000000 100.000000
126 6 0.796620 0.600000
127 7 0.987741 0.000000
128 6 0.872086 0.000000
129 0 0.000000 100.000000
130 0 0.000000 100.000000
131 1 0.019064 97.600000
132 5 0.728098 4.600000
133 2 0.862847 3.400000
134 98 0.727572 0.000000
135 43 0.879635 0.000000
136 234 0.776275 0.000000
137 21 0.712319 0.000000
138 2 0.032986 99.400000
139 0 0.000000 100.000000
140 0 0.000000 100.000000
141 0 0.000000 100.000000
142 72 0.782554 0.000000
143 0 0.000000 100.000000
144 0 0.000000 100.000000
145 0 0.000000 100.000000
146 11 0.945968 0.000000
147 0 0.000000 100.000000
148 23 0.823345 0.000000
149 8 0.610526 12.400000
150 11 0.543050 31.600000
151 0 0.000000 100.000000
152 4 0.823606 1.400000
153 0 0.000000 100.000000
154 0 0.000000 100.000000
155 0 0.000000 100.000000
156 0 0.000000 100.000000
157 0 0.000000 100.000000
158 0 0.000000 100.000000
159 0 0.000000 100.000000
160 0 0.000000 100.000000
161 0 0.000000 100.000000
162 0 0.000000 100.000000
163 0 0.000000 100.000000
164 0 0.000000 100.000000
165 0 0.000000 100.000000
166 0 0.000000 100.000000
167 0 0.000000 100.000000
168 111 0.761252 0.000000
169 13 0.804493 0.000000
170 47 0.792283 0.000000
171 17 0.895984 0.000000
172 4 0.464721 59.000000
173 3 0.337971 81.800000
174 2 0.972222 0.200000
175 17 0.892000 0.000000
176 91 0.816955 0.000000
177 0 0.000000 100.000000
178 70 0.774353 0.000000
179 71 0.787955 0.000000
180 133 0.761984 0.000000
181 82 0.837997 0.000000
182 18 0.724306 0.000000
183 257 0.741239 0.000000
184 0 0.000000 100.000000
185 0 0.000000 100.000000
186 0 0.000000 100.000000
187 12 0.569494 18.600000
188 0 0.000000 100.000000
189 0 0.000000 100.000000
190 0 0.000000 100.000000
191 0 0.000000 100.000000
192 0 0.000000 100.000000
193 0 0.000000 100.000000
194 0 0.000000 100.000000
195 0 0.000000 100.000000
196 0 0.000000 100.000000
197 1 0.837088 17.000000
198 0 0.000000 100.000000
199 2 0.472222 54.000000
200 4 0.431185 69.200000
201 0 0.000000 100.000000
202 0 0.000000 100.000000
203 0 0.000000 100.000000
204 0 0.000000 100.000000
205 0 0.000000 100.000000
206 1 0.490468 51.200000
207 0 0.000000 100.000000
208 5 0.335777 87.400000
209 1 0.495667 51.400000
210 19 0.792675 0.000000
211 1 0.552860 44.400000
212 0 0.000000 100.000000
213 26 0.736274 0.000000
214 0 0.000000 100.000000
215 0 0.000000 100.000000
216 0 0.000000 100.000000
217 0 0.000000 100.000000
218 0 0.000000 100.000000
219 0 0.000000 100.000000
220 0 0.000000 100.000000
221 0 0.000000 100.000000
222 0 0.000000 100.000000
223 2 0.739583 15.000000
224 0 0.000000 100.000000
225 1 0.885615 11.200000
226 0 0.000000 100.000000
227 0 0.000000 100.000000
228 0 0.000000 100.000000
229 0 0.000000 100.000000
230 0 0.000000 100.000000
231 0 0.000000 100.000000
232 0 0.000000 100.000000
233 0 0.000000 100.000000
234 0 0.000000 100.000000
235 0 0.000000 100.000000
236 1 1.000000 0.000000
237 2 0.597222 33.800000
238 0 0.000000 100.000000
239 0 0.000000 100.000000
240 0 0.000000 100.000000
241 0 0.000000 100.000000
242 0 0.000000 100.000000
243 0 0.000000 100.000000
244 1 0.733102 26.200000
245 5 0.779756 1.800000
246 0 0.000000 100.000000
247 0 0.000000 100.000000
248 0 0.000000 100.000000
249 0 0.000000 100.000000
250 0 0.000000 100.000000
251 0 0.000000 100.000000
252 0 0.000000 100.000000
253 0 0.000000 100.000000
254 0 0.000000 100.000000
255 0 0.000000 100.000000
256 0 0.000000 100.000000
257 0 0.000000 100.000000
258 0 0.000000 100.000000
259 0 0.000000 100.000000
260 0 0.000000 100.000000
261 0 0.000000 100.000000
262 0 0.000000 100.000000
263 0 0.000000 100.000000
264 1 0.471404 54.800000
265 0 0.000000 100.000000
266 0 0.000000 100.000000
267 0 0.000000 100.000000
268 0 0.000000 100.000000
269 0 0.000000 100.000000
270 0 0.000000 100.000000
271 0 0.000000 100.000000
272 0 0.000000 100.000000
273 473 0.822632 0.000000
274 446 0.758153 0.000000
275 11 0.710919 0.600000
276 0 0.000000 100.000000
277 32 0.711367 0.000000
278 355 0.736992 0.000000
279 58 0.850431 0.000000
280 27 0.767023 0.000000
281 28 0.847597 0.000000
282 13 0.875017 0.000000
283 10 0.454401 67.600000
284 0 0.000000 100.000000
285 0 0.000000 100.000000
286 354 0.717022 0.000000
287 4 0.801394 1.400000
288 0 0.000000 100.000000
289 0 0.000000 100.000000
290 1 1.000000 0.000000
291 0 0.000000 100.000000
292 0 0.000000 100.000000
293 7 0.564173 28.400000
294 577 0.970537 4.800000
295 6 0.430944 76.600000
296 5 0.292845 94.400000
297 5 0.479581 55.600000
298 0 0.000000 100.000000
299 425 0.773303 0.000000
300 257 0.723832 0.000000
301 548 0.789173 0.000000
302 93 0.741714 0.000000
303 0 0.000000 100.000000
304 126 0.703364 0.000000
305 1 0.578856 42.200000
306 567 0.843354 0.000000
307 0 0.000000 100.000000
308 0 0.000000 100.000000
309 0 0.000000 100.000000
310 0 0.000000 100.000000
311 0 0.000000 100.000000
312 0 0.000000 100.000000
313 0 0.000000 100.000000
314 0 0.000000 100.000000
315 0 0.000000 100.000000
316 0 0.000000 100.000000
317 0 0.000000 100.000000
318 0 0.000000 100.000000
0 0 0.000000 0.000000
