0 379 0.762506 0.000000
1 409 0.768392 0.000000
2 218 0.802536 0.000000
3 87 0.796779 0.000000
4 111 0.769219 0.000000
5 9 0.661394 5.000000
6 0 0.000000 100.000000
7 12 0.643110 5.400000
8 15 0.748964 0.200000
9 1 0.180243 83.800000
10 0 0.000000 100.000000
11 143 0.759891 0.000000
12 39 0.635317 0.000000
13 100 0.755774 0.000000
14 46 0.769655 0.000000
15 54 0.826583 0.000000
16 12 0.607774 8.800000
17 176 0.761208 0.000000
18 8 0.505921 51.000000
19 3 0.758261 7.200000
20 3 0.879420 1.000000
21 0 0.000000 100.000000
22 190 0.744167 0.000000
23 27 0.769107 0.000000
24 33 0.726550 0.000000
25 118 0.789775 0.000000
26 2 0.659722 26.600000
27 17 0.889798 0.000000
28 0 0.000000 100.000000
29 5 0.440140 66.800000
30 0 0.000000 100.000000
31 5 0.803141 0.600000
32 22 0.709778 0.200000
33 0 0.000000 100.000000
34 5 0.588482 24.600000
35 0 0.000000 100.000000
36 4 0.651568 15.800000
37 3 0.543188 42.800000
38 0 0.000000 100.000000
39 24 0.782641 0.000000
40 22 0.701929 0.200000
41 0 0.000000 100.000000
42 1 0.634315 34.400000
43 1 0.469671 53.600000
44 0 0.000000 100.000000
45 0 0.000000 100.000000
46 0 0.000000 100.000000
47 4 0.367596 82.200000
48 85 0.766663 0.000000
49 0 0.000000 100.000000
50 0 0.000000 100.000000
51 9 0.500293 50.200000
52 0 0.000000 100.000000
53 3 0.358841 79.800000
54 4 0.489111 48.000000
55 33 0.865388 0.000000
56 3 0.623188 24.800000
57 1 0.597920 35.800000
58 1 0.341421 66.800000
59 0 0.000000 100.000000
60 0 0.000000 100.000000
61 1 0.019064 98.000000
62 42 0.779673 0.000000
63 1 0.228769 74.200000
64 15 0.393724 91.800000
65 16 0.625445 5.200000
66 0 0.000000 100.000000
67 1 1.000000 0.400000
68 0 0.000000 100.000000
69 1 0.190641 79.200000
70 0 0.000000 100.000000
71 11 0.708033 0.800000
72 0 0.000000 100.000000
73 9 0.867995 0.000000
74 1 0.379549 62.800000
75 3 0.717101 11.200000
76 0 0.000000 100.000000
77 1 0.027730 99.200000
78 0 0.000000 100.000000
79 0 0.000000 100.000000
80 0 0.000000 100.000000
81 0 0.000000 100.000000
82 0 0.000000 100.000000
83 115 0.723016 0.000000
84 77 0.717345 0.000000
85 114 0.836018 0.000000
86 0 0.000000 100.000000
87 389 0.755294 0.000000
88 0 0.000000 100.000000
89 4 0.498693 53.200000
90 0 0.000000 100.000000
91 0 0.000000 100.000000
92 0 0.000000 100.000000
93 0 0.000000 100.000000
94 0 0.000000 100.000000
95 0 0.000000 100.000000
96 0 0.000000 100.000000
97 62 0.767817 0.000000
98 0 0.000000 100.000000
99 14 0.644124 2.000000
100 49 0.782917 0.000000
101 64 0.786357 0.000000
102 1 0.852686 13.000000
103 0 0.000000 100.000000
104 0 0.000000 100.000000
105 0 0.000000 100.000000
106 0 0.000000 100.000000
107 0 0.000000 100.000000
108 6 0.412587 75.000000
109 2 0.107639 97.800000
110 0 0.000000 100.000000
111 130 0.773592 0.000000
112 65 0.751657 0.000000
113 0 0.000000 100.000000
114 11 0.667789 2.200000
115 0 0.000000 100.000000
116 0 0.000000 100.000000
117 0 0.000000 100.000000
118 3 0.624928 23.400000
119 0 0.000000 100.000000
120 22 0.796027 0.000000
121 0 0.000000 100.000000
122 4 0.609321 22.600000
123 0 0.000000 100.000000
124 9 0.710994 0.400000
125 0 0.000000 100.000000
126 5 0.541710 39.000000
127 5 0.763002 2.000000
128 3 0.764638 6.200000
129 0 0.000000 100.000000
130 0 0.000000 100.000000
131 0 0.000000 100.000000
132 7 0.748812 1.000000
133 3 0.577391 32.600000
134 93 0.703980 0.000000
135 39 0.830693 0.000000
136 235 0.784157 0.000000
137 28 0.754870 0.000000
138 0 0.000000 100.000000
139 0 0.000000 100.000000
140 0 0.000000 100.000000
141 0 0.000000 100.000000
142 77 0.710112 0.000000
143 0 0.000000 100.000000
144 0 0.000000 100.000000
145 0 0.000000 100.000000
146 10 0.890493 0.000000
147 0 0.000000 100.000000
148 15 0.842747 0.000000
149 5 0.779058 2.200000
150 9 0.650459 6.000000
151 0 0.000000 100.000000
152 4 0.702962 8.200000
153 0 0.000000 100.000000
154 0 0.000000 100.000000
155 0 0.000000 100.000000
156 0 0.000000 100.000000
157 0 0.000000 100.000000
158 0 0.000000 100.000000
159 0 0.000000 100.000000
160 0 0.000000 100.000000
161 0 0.000000 100.000000
162 0 0.000000 100.000000
163 0 0.000000 100.000000
164 1 0.833622 18.800000
165 0 0.000000 100.000000
166 0 0.000000 100.000000
167 0 0.000000 100.000000
168 98 0.715838 0.000000
169 11 0.559724 24.600000
170 50 0.810417 0.000000
171 23 0.811124 0.000000
172 6 0.536713 37.800000
173 2 0.342014 77.600000
174 0 0.000000 100.000000
175 15 0.976909 0.000000
176 111 0.849355 0.000000
177 0 0.000000 100.000000
178 71 0.827652 0.000000
179 72 0.741518 0.000000
180 117 0.752990 0.000000
181 82 0.877336 0.000000
182 15 0.672351 0.800000
183 255 0.778814 0.000000
184 0 0.000000 100.000000
185 0 0.000000 100.000000
186 0 0.000000 100.000000
187 7 0.619465 15.200000
188 0 0.000000 100.000000
189 0 0.000000 100.000000
190 0 0.000000 100.000000
191 0 0.000000 100.000000
192 0 0.000000 100.000000
193 0 0.000000 100.000000
194 0 0.000000 100.000000
195 0 0.000000 100.000000
196 0 0.000000 100.000000
197 2 0.540799 48.800000
198 0 0.000000 100.000000
199 3 0.273043 90.000000
200 2 0.672743 22.800000
201 0 0.000000 100.000000
202 0 0.000000 100.000000
203 1 0.090121 90.000000
204 0 0.000000 100.000000
205 0 0.000000 100.000000
206 0 0.000000 100.000000
207 0 0.000000 100.000000
208 3 0.408116 71.400000
209 1 0.545927 47.800000
210 17 0.742686 0.000000
211 1 0.920277 8.200000
212 0 0.000000 100.000000
213 27 0.752369 0.000000
214 0 0.000000 100.000000
215 0 0.000000 100.000000
216 0 0.000000 100.000000
217 0 0.000000 100.000000
218 0 0.000000 100.000000
219 0 0.000000 100.000000
220 0 0.000000 100.000000
221 0 0.000000 100.000000
222 0 0.000000 100.000000
223 1 0.642981 35.800000
224 0 0.000000 100.000000
225 1 0.894281 11.000000
226 0 0.000000 100.000000
227 0 0.000000 100.000000
228 0 0.000000 100.000000
229 0 0.000000 100.000000
230 0 0.000000 100.000000
231 0 0.000000 100.000000
232 0 0.000000 100.000000
233 0 0.000000 100.000000
234 0 0.000000 100.000000
235 0 0.000000 100.000000
236 2 0.345486 79.200000
237 2 0.525174 42.800000
238 2 0.977431 0.200000
239 0 0.000000 100.000000
240 0 0.000000 100.000000
241 0 0.000000 100.000000
242 0 0.000000 100.000000
243 0 0.000000 100.000000
244 2 0.153646 94.400000
245 9 0.962312 0.000000
246 0 0.000000 100.000000
247 0 0.000000 100.000000
248 0 0.000000 100.000000
249 0 0.000000 100.000000
250 0 0.000000 100.000000
251 0 0.000000 100.000000
252 0 0.000000 100.000000
253 0 0.000000 100.000000
254 0 0.000000 100.000000
255 0 0.000000 100.000000
256 0 0.000000 100.000000
257 0 0.000000 100.000000
258 0 0.000000 100.000000
259 0 0.000000 100.000000
260 0 0.000000 100.000000
261 0 0.000000 100.000000
262 0 0.000000 100.000000
263 0 0.000000 100.000000
264 0 0.000000 100.000000
265 0 0.000000 100.000000
266 0 0.000000 100.000000
267 0 0.000000 100.000000
268 0 0.000000 100.000000
269 0 0.000000 100.000000
270 0 0.000000 100.000000
271 0 0.000000 100.000000
272 0 0.000000 100.000000
273 482 0.877334 0.000000
274 450 0.793663 0.000000
275 10 0.764085 0.000000
276 0 0.000000 100.000000
277 15 0.696744 0.600000
278 345 0.721975 0.000000
279 34 0.829909 0.000000
280 20 0.719534 0.200000
281 20 0.820699 0.000000
282 12 0.819052 0.000000
283 4 0.140679 98.600000
284 0 0.000000 100.000000
285 0 0.000000 100.000000
286 368 0.703623 0.000000
287 7 0.525644 40.800000
288 0 0.000000 100.000000
289 0 0.000000 100.000000
290 2 0.775174 11.000000
291 0 0.000000 100.000000
292 0 0.000000 100.000000
293 9 0.819762 0.000000
294 577 0.823224 14.600000
295 5 0.451658 63.200000
296 5 0.470506 58.800000
297 5 0.418848 70.800000
298 0 0.000000 100.000000
299 421 0.753847 0.000000
300 239 0.733193 0.000000
301 553 0.676166 0.400000
302 80 0.770858 0.000000
303 0 0.000000 100.000000
304 114 0.677197 0.000000
305 4 0.449477 64.400000
306 571 0.877908 0.000000
307 0 0.000000 100.000000
308 0 0.000000 100.000000
309 0 0.000000 100.000000
310 0 0.000000 100.000000
311 0 0.000000 100.000000
312 0 0.000000 100.000000
313 0 0.000000 100.000000
314 0 0.000000 100.000000
315 0 0.000000 100.000000
316 0 0.000000 100.000000
317 0 0.000000 100.000000
318 0 0.000000 100.000000
0 0 0.000000 0.000000
