0 365 0.726863 0.000000
1 409 0.721546 0.000000
2 239 0.815714 0.000000
3 90 0.817236 0.000000
4 124 0.807269 0.000000
5 9 0.692443 2.000000
6 0 0.000000 100.000000
7 15 0.551687 26.200000
8 11 0.742665 0.200000
9 0 0.000000 100.000000
10 0 0.000000 100.000000
11 159 0.797827 0.000000
12 46 0.667171 0.000000
13 115 0.767828 0.000000
14 50 0.821326 0.000000
15 62 0.737091 0.000000
16 16 0.566504 20.600000
17 174 0.753443 0.000000
18 8 0.578070 22.000000
19 6 0.464452 61.400000
20 5 0.754625 3.200000
21 0 0.000000 100.000000
22 189 0.785993 0.000000
23 21 0.794135 0.000000
24 25 0.644846 0.400000
25 126 0.784924 0.000000
26 4 0.531794 43.400000
27 20 0.669803 0.200000
28 1 0.980936 2.000000
29 5 0.780454 1.400000
30 0 0.000000 100.000000
31 5 0.647469 13.400000
32 16 0.789368 0.000000
33 0 0.000000 100.000000
34 7 0.500375 48.000000
35 1 0.804159 20.000000
36 11 0.487253 56.400000
37 6 0.428030 66.800000
38 0 0.000000 100.000000
39 25 0.819675 0.000000
40 36 0.791205 0.000000
41 0 0.000000 100.000000
42 0 0.000000 100.000000
43 1 0.346620 64.400000
44 0 0.000000 100.000000
45 0 0.000000 100.000000
46 0 0.000000 100.000000
47 0 0.000000 100.000000
48 87 0.822670 0.000000
49 0 0.000000 100.000000
50 0 0.000000 100.000000
51 4 0.443815 63.200000
52 0 0.000000 100.000000
53 1 0.573657 42.400000
54 3 0.657971 20.800000
55 35 0.854091 0.000000
56 4 0.294425 89.800000
57 1 0.552860 47.600000
58 2 0.250868 88.400000
59 1 0.060659 93.800000
60 0 0.000000 100.000000
61 1 0.883882 12.400000
62 45 0.796748 0.000000
63 1 0.480069 48.200000
64 13 0.518993 44.000000
65 14 0.693136 0.600000
66 0 0.000000 100.000000
67 3 0.307826 88.400000
68 0 0.000000 100.000000
69 0 0.000000 100.000000
70 0 0.000000 100.000000
71 10 0.550528 28.800000
72 0 0.000000 100.000000
73 14 0.509245 44.400000
74 0 0.000000 100.000000
75 3 0.417971 70.000000
76 0 0.000000 100.000000
77 1 0.020797 98.000000
78 0 0.000000 100.000000
79 0 0.000000 100.000000
80 0 0.000000 100.000000
81 0 0.000000 100.000000
82 0 0.000000 100.000000
83 96 0.750951 0.000000
84 65 0.745359 0.000000
85 96 0.873228 0.000000
86 0 0.000000 100.000000
87 366 0.773804 0.000000
88 0 0.000000 100.000000
89 0 0.000000 100.000000
90 0 0.000000 100.000000
91 0 0.000000 100.000000
92 0 0.000000 100.000000
93 0 0.000000 100.000000
94 0 0.000000 100.000000
95 0 0.000000 100.000000
96 0 0.000000 100.000000
97 75 0.785129 0.000000
98 2 0.603299 31.600000
99 22 0.629088 1.600000
100 53 0.822785 0.000000
101 65 0.817874 0.000000
102 5 0.267365 96.200000
103 0 0.000000 100.000000
104 0 0.000000 100.000000
105 0 0.000000 100.000000
106 0 0.000000 100.000000
107 0 0.000000 100.000000
108 4 0.871516 0.200000
109 1 0.280763 74.000000
110 0 0.000000 100.000000
111 115 0.751225 0.000000
112 47 0.885122 0.000000
113 0 0.000000 100.000000
114 8 0.547149 33.600000
115 1 0.764298 21.600000
116 0 0.000000 100.000000
117 0 0.000000 100.000000
118 4 0.638066 20.200000
119 0 0.000000 100.000000
120 28 0.799286 0.000000
121 0 0.000000 100.000000
122 1 0.438475 59.000000
123 1 0.441941 58.200000
124 4 0.697735 7.200000
125 1 0.187175 78.000000
126 6 0.449592 68.400000
127 4 0.287021 91.800000
128 2 0.590278 34.000000
129 0 0.000000 100.000000
130 0 0.000000 100.000000
131 0 0.000000 100.000000
132 12 0.420347 81.400000
133 3 0.629565 24.000000
134 91 0.641131 0.000000
135 33 0.759355 0.000000
136 233 0.754419 0.000000
137 26 0.644928 0.400000
138 1 0.679376 31.800000
139 2 0.453125 56.800000
140 0 0.000000 100.000000
141 0 0.000000 100.000000
142 76 0.799565 0.000000
143 0 0.000000 100.000000
144 0 0.000000 100.000000
145 0 0.000000 100.000000
146 10 0.952289 0.000000
147 0 0.000000 100.000000
148 17 0.735242 0.000000
149 5 0.922164 0.000000
150 7 0.727796 1.000000
151 0 0.000000 100.000000
152 4 0.693380 8.600000
153 0 0.000000 100.000000
154 0 0.000000 100.000000
155 0 0.000000 100.000000
156 0 0.000000 100.000000
157 0 0.000000 100.000000
158 0 0.000000 100.000000
159 0 0.000000 100.000000
160 0 0.000000 100.000000
161 0 0.000000 100.000000
162 0 0.000000 100.000000
163 0 0.000000 100.000000
164 1 0.032929 97.800000
165 0 0.000000 100.000000
166 0 0.000000 100.000000
167 0 0.000000 100.000000
168 84 0.723997 0.000000
169 8 0.512719 47.200000
170 52 0.746015 0.000000
171 29 0.806419 0.000000
172 6 0.591783 19.200000
173 3 0.521159 44.800000
174 0 0.000000 100.000000
175 21 0.743609 0.000000
176 94 0.851855 0.000000
177 0 0.000000 100.000000
178 89 0.797983 0.000000
179 81 0.765979 0.000000
180 141 0.775695 0.000000
181 65 0.871795 0.000000
182 20 0.633692 1.600000
183 278 0.778513 0.000000
184 0 0.000000 100.000000
185 0 0.000000 100.000000
186 0 0.000000 100.000000
187 9 0.841437 0.000000
188 0 0.000000 100.000000
189 0 0.000000 100.000000
190 0 0.000000 100.000000
191 0 0.000000 100.000000
192 0 0.000000 100.000000
193 0 0.000000 100.000000
194 0 0.000000 100.000000
195 1 0.918544 7.800000
196 2 0.436632 61.200000
197 0 0.000000 100.000000
198 0 0.000000 100.000000
199 2 0.230035 90.200000
200 1 0.088388 92.400000
201 0 0.000000 100.000000
202 0 0.000000 100.000000
203 1 0.315425 70.600000
204 0 0.000000 100.000000
205 0 0.000000 100.000000
206 1 0.209705 78.800000
207 0 0.000000 100.000000
208 2 0.124132 97.000000
209 1 0.331023 65.200000
210 17 0.784733 0.000000
211 0 0.000000 100.000000
212 0 0.000000 100.000000
213 23 0.718841 0.000000
214 0 0.000000 100.000000
215 0 0.000000 100.000000
216 0 0.000000 100.000000
217 0 0.000000 100.000000
218 0 0.000000 100.000000
219 0 0.000000 100.000000
220 0 0.000000 100.000000
221 0 0.000000 100.000000
222 0 0.000000 100.000000
223 0 0.000000 100.000000
224 0 0.000000 100.000000
225 0 0.000000 100.000000
226 0 0.000000 100.000000
227 0 0.000000 100.000000
228 0 0.000000 100.000000
229 0 0.000000 100.000000
230 0 0.000000 100.000000
231 0 0.000000 100.000000
232 0 0.000000 100.000000
233 0 0.000000 100.000000
234 0 0.000000 100.000000
235 0 0.000000 100.000000
236 0 0.000000 100.000000
237 0 0.000000 100.000000
238 1 0.443674 57.200000
239 0 0.000000 100.000000
240 0 0.000000 100.000000
241 0 0.000000 100.000000
242 0 0.000000 100.000000
243 0 0.000000 100.000000
244 1 0.415945 57.600000
245 4 0.969948 0.000000
246 0 0.000000 100.000000
247 0 0.000000 100.000000
248 0 0.000000 100.000000
249 0 0.000000 100.000000
250 0 0.000000 100.000000
251 0 0.000000 100.000000
252 0 0.000000 100.000000
253 0 0.000000 100.000000
254 0 0.000000 100.000000
255 0 0.000000 100.000000
256 0 0.000000 100.000000
257 0 0.000000 100.000000
258 0 0.000000 100.000000
259 0 0.000000 100.000000
260 0 0.000000 100.000000
261 0 0.000000 100.000000
262 0 0.000000 100.000000
263 0 0.000000 100.000000
264 0 0.000000 100.000000
265 0 0.000000 100.000000
266 0 0.000000 100.000000
267 0 0.000000 100.000000
268 0 0.000000 100.000000
269 0 0.000000 100.000000
270 0 0.000000 100.000000
271 0 0.000000 100.000000
272 0 0.000000 100.000000
273 487 0.841370 0.000000
274 453 0.800106 0.000000
275 14 0.717832 0.200000
276 0 0.000000 100.000000
277 28 0.675909 0.200000
278 353 0.770500 0.000000
279 52 0.786524 0.000000
280 30 0.834489 0.000000
281 26 0.855351 0.000000
282 17 0.882668 0.000000
283 4 0.361934 84.800000
284 0 0.000000 100.000000
285 0 0.000000 100.000000
286 345 0.732699 0.000000
287 6 0.631993 12.400000
288 0 0.000000 100.000000
289 0 0.000000 100.000000
290 0 0.000000 100.000000
291 0 0.000000 100.000000
292 0 0.000000 100.000000
293 7 0.580185 23.000000
294 578 0.000000 100.000000
295 9 0.557313 27.600000
296 7 0.329247 93.800000
297 8 0.676754 4.600000
298 0 0.000000 100.000000
299 408 0.751629 0.000000
300 247 0.682841 0.000000
301 550 0.725260 0.000000
302 93 0.752444 0.000000
303 0 0.000000 100.000000
304 124 0.757443 0.000000
305 3 0.611014 28.000000
306 574 0.490854 49.200000
307 0 0.000000 100.000000
308 0 0.000000 100.000000
309 0 0.000000 100.000000
310 0 0.000000 100.000000
311 0 0.000000 100.000000
312 0 0.000000 100.000000
313 0 0.000000 100.000000
314 0 0.000000 100.000000
315 0 0.000000 100.000000
316 0 0.000000 100.000000
317 0 0.000000 100.000000
318 0 0.000000 100.000000
0 0 0.000000 0.000000
