0 373 0.730426 0.000000
1 417 0.794837 0.000000
2 238 0.782637 0.000000
3 104 0.809275 0.000000
4 133 0.782259 0.000000
5 12 0.409452 84.600000
6 0 0.000000 100.000000
7 7 0.721041 1.600000
8 17 0.607633 7.600000
9 0 0.000000 100.000000
10 0 0.000000 100.000000
11 144 0.796723 0.000000
12 44 0.656920 0.000000
13 108 0.780516 0.000000
14 39 0.821084 0.000000
15 57 0.790450 0.000000
16 12 0.655919 3.400000
17 154 0.768699 0.000000
18 7 0.630723 13.400000
19 7 0.605954 17.200000
20 9 0.490139 54.800000
21 0 0.000000 100.000000
22 175 0.771698 0.000000
23 27 0.846340 0.000000
24 37 0.794325 0.000000
25 94 0.790795 0.000000
26 1 0.627383 35.600000
27 19 0.841164 0.000000
28 3 0.721159 10.200000
29 4 0.448606 64.400000
30 0 0.000000 100.000000
31 3 0.848116 1.600000
32 17 0.851421 0.000000
33 0 0.000000 100.000000
34 1 0.651646 36.000000
35 0 0.000000 100.000000
36 9 0.683070 2.800000
37 7 0.693770 2.600000
38 1 0.067591 92.800000
39 30 0.508212 49.800000
40 26 0.740872 0.000000
41 0 0.000000 100.000000
42 0 0.000000 100.000000
43 3 0.540870 38.600000
44 0 0.000000 100.000000
45 0 0.000000 100.000000
46 0 0.000000 100.000000
47 5 0.366492 84.000000
48 103 0.712580 0.000000
49 0 0.000000 100.000000
50 0 0.000000 100.000000
51 5 0.384991 79.200000
52 0 0.000000 100.000000
53 0 0.000000 100.000000
54 4 0.824913 1.000000
55 34 0.755623 0.000000
56 2 0.315104 80.400000
57 2 0.829861 6.000000
58 0 0.000000 100.000000
59 0 0.000000 100.000000
60 0 0.000000 100.000000
61 0 0.000000 100.000000
62 42 0.699849 0.000000
63 0 0.000000 100.000000
64 13 0.791014 0.000000
65 13 0.676242 1.400000
66 0 0.000000 100.000000
67 1 0.303293 71.000000
68 0 0.000000 100.000000
69 0 0.000000 100.000000
70 0 0.000000 100.000000
71 10 0.523239 41.800000
72 0 0.000000 100.000000
73 11 0.658971 3.600000
74 0 0.000000 100.000000
75 6 0.424242 73.800000
76 0 0.000000 100.000000
77 1 0.020797 98.000000
78 0 0.000000 100.000000
79 0 0.000000 100.000000
80 0 0.000000 100.000000
81 0 0.000000 100.000000
82 0 0.000000 100.000000
83 98 0.796003 0.000000
84 81 0.673920 0.000000
85 106 0.861589 0.000000
86 0 0.000000 100.000000
87 381 0.732337 0.000000
88 0 0.000000 100.000000
89 4 0.759146 2.800000
90 0 0.000000 100.000000
91 0 0.000000 100.000000
92 0 0.000000 100.000000
93 0 0.000000 100.000000
94 0 0.000000 100.000000
95 0 0.000000 100.000000
96 0 0.000000 100.000000
97 71 0.861488 0.000000
98 0 0.000000 100.000000
99 13 0.770184 0.000000
100 59 0.846804 0.000000
101 73 0.824224 0.000000
102 5 0.555672 35.400000
103 0 0.000000 100.000000
104 0 0.000000 100.000000
105 0 0.000000 100.000000
106 0 0.000000 100.000000
107 0 0.000000 100.000000
108 7 0.827871 0.200000
109 2 0.741319 11.000000
110 0 0.000000 100.000000
111 118 0.725590 0.000000
112 57 0.863050 0.000000
113 0 0.000000 100.000000
114 5 0.773822 1.400000
115 0 0.000000 100.000000
116 0 0.000000 100.000000
117 0 0.000000 100.000000
118 6 0.538170 35.200000
119 0 0.000000 100.000000
120 28 0.569675 12.400000
121 0 0.000000 100.000000
122 2 0.770833 9.200000
123 0 0.000000 100.000000
124 3 0.545507 42.000000
125 1 0.171577 85.600000
126 8 0.704605 2.600000
127 7 0.816612 0.200000
128 5 1.000000 0.000000
129 0 0.000000 100.000000
130 0 0.000000 100.000000
131 0 0.000000 100.000000
132 9 0.606717 16.200000
133 0 0.000000 100.000000
134 97 0.731959 0.000000
135 40 0.834712 0.000000
136 223 0.783654 0.000000
137 25 0.693888 0.000000
138 1 0.001733 99.800000
139 1 0.571924 42.400000
140 0 0.000000 100.000000
141 0 0.000000 100.000000
142 97 0.758471 0.000000
143 0 0.000000 100.000000
144 0 0.000000 100.000000
145 0 0.000000 100.000000
146 15 0.929663 0.000000
147 0 0.000000 100.000000
148 21 0.838164 0.000000
149 5 0.880977 0.000000
150 12 0.503534 44.000000
151 0 0.000000 100.000000
152 4 0.503049 47.200000
153 0 0.000000 100.000000
154 0 0.000000 100.000000
155 0 0.000000 100.000000
156 0 0.000000 100.000000
157 0 0.000000 100.000000
158 0 0.000000 100.000000
159 0 0.000000 100.000000
160 0 0.000000 100.000000
161 0 0.000000 100.000000
162 0 0.000000 100.000000
163 0 0.000000 100.000000
164 0 0.000000 100.000000
165 0 0.000000 100.000000
166 0 0.000000 100.000000
167 0 0.000000 100.000000
168 95 0.746017 0.000000
169 11 0.622896 8.200000
170 36 0.723760 0.000000
171 19 0.792581 0.000000
172 4 0.739983 5.200000
173 7 0.492369 52.800000
174 1 0.670711 33.200000
175 19 0.848508 0.000000
176 89 0.881528 0.000000
177 0 0.000000 100.000000
178 68 0.819723 0.000000
179 71 0.778287 0.000000
180 126 0.790841 0.000000
181 75 0.870272 0.000000
182 18 0.773413 0.000000
183 245 0.763964 0.000000
184 0 0.000000 100.000000
185 0 0.000000 100.000000
186 0 0.000000 100.000000
187 8 0.733553 1.000000
188 0 0.000000 100.000000
189 0 0.000000 100.000000
190 0 0.000000 100.000000
191 0 0.000000 100.000000
192 0 0.000000 100.000000
193 0 0.000000 100.000000
194 0 0.000000 100.000000
195 1 0.930676 4.800000
196 1 0.655113 30.400000
197 2 0.868924 4.200000
198 0 0.000000 100.000000
199 2 0.703993 16.600000
200 7 0.686515 5.200000
201 0 0.000000 100.000000
202 0 0.000000 100.000000
203 1 0.020797 97.800000
204 0 0.000000 100.000000
205 0 0.000000 100.000000
206 1 0.124783 86.400000
207 0 0.000000 100.000000
208 3 0.255072 93.000000
209 0 0.000000 100.000000
210 20 0.803763 0.000000
211 0 0.000000 100.000000
212 1 0.462738 50.200000
213 26 0.779543 0.000000
214 0 0.000000 100.000000
215 0 0.000000 100.000000
216 0 0.000000 100.000000
217 0 0.000000 100.000000
218 0 0.000000 100.000000
219 0 0.000000 100.000000
220 0 0.000000 100.000000
221 0 0.000000 100.000000
222 0 0.000000 100.000000
223 2 0.426215 62.800000
224 0 0.000000 100.000000
225 0 0.000000 100.000000
226 0 0.000000 100.000000
227 0 0.000000 100.000000
228 0 0.000000 100.000000
229 0 0.000000 100.000000
230 0 0.000000 100.000000
231 0 0.000000 100.000000
232 0 0.000000 100.000000
233 0 0.000000 100.000000
234 0 0.000000 100.000000
235 0 0.000000 100.000000
236 2 0.983507 0.000000
237 6 0.870921 0.000000
238 1 0.367418 62.400000
239 0 0.000000 100.000000
240 0 0.000000 100.000000
241 0 0.000000 100.000000
242 0 0.000000 100.000000
243 0 0.000000 100.000000
244 1 0.935875 6.200000
245 11 0.881033 0.000000
246 0 0.000000 100.000000
247 0 0.000000 100.000000
248 0 0.000000 100.000000
249 0 0.000000 100.000000
250 0 0.000000 100.000000
251 0 0.000000 100.000000
252 0 0.000000 100.000000
253 0 0.000000 100.000000
254 0 0.000000 100.000000
255 0 0.000000 100.000000
256 0 0.000000 100.000000
257 0 0.000000 100.000000
258 0 0.000000 100.000000
259 0 0.000000 100.000000
260 0 0.000000 100.000000
261 0 0.000000 100.000000
262 0 0.000000 100.000000
263 0 0.000000 100.000000
264 0 0.000000 100.000000
265 0 0.000000 100.000000
266 0 0.000000 100.000000
267 0 0.000000 100.000000
268 0 0.000000 100.000000
269 0 0.000000 100.000000
270 0 0.000000 100.000000
271 0 0.000000 100.000000
272 0 0.000000 100.000000
273 472 0.849736 0.000000
274 449 0.777749 0.000000
275 9 0.421793 77.800000
276 0 0.000000 100.000000
277 25 0.726510 0.000000
278 362 0.820263 0.000000
279 50 0.816326 0.000000
280 25 0.780470 0.000000
281 22 0.804120 0.000000
282 15 0.865127 0.000000
283 3 0.289855 86.800000
284 0 0.000000 100.000000
285 0 0.000000 100.000000
286 357 0.768280 0.000000
287 8 0.302412 98.000000
288 0 0.000000 100.000000
289 0 0.000000 100.000000
290 2 0.322917 79.600000
291 1 0.294627 70.000000
292 0 0.000000 100.000000
293 14 0.579281 16.000000
294 578 0.000000 100.000000
295 2 0.361979 71.800000
296 1 0.544194 45.400000
297 2 0.671007 25.200000
298 0 0.000000 100.000000
299 428 0.703084 0.000000
300 259 0.726147 0.000000
301 547 0.776051 0.000000
302 95 0.763735 0.000000
303 0 0.000000 100.000000
304 140 0.672309 0.000000
305 3 0.519420 43.200000
306 565 0.650238 1.800000
307 0 0.000000 100.000000
308 0 0.000000 100.000000
309 0 0.000000 100.000000
310 0 0.000000 100.000000
311 0 0.000000 100.000000
312 0 0.000000 100.000000
313 0 0.000000 100.000000
314 0 0.000000 100.000000
315 0 0.000000 100.000000
316 0 0.000000 100.000000
317 0 0.000000 100.000000
318 0 0.000000 100.000000
0 0 0.000000 0.000000
