0 358 0.747511 0.000000
1 379 0.765675 0.000000
2 220 0.788814 0.000000
3 75 0.799364 0.000000
4 118 0.781651 0.000000
5 9 0.548135 29.600000
6 0 0.000000 100.000000
7 13 0.530020 34.400000
8 13 0.714636 0.400000
9 1 0.048527 94.000000
10 0 0.000000 100.000000
11 153 0.760738 0.000000
12 47 0.694835 0.000000
13 104 0.765965 0.000000
14 45 0.838191 0.000000
15 58 0.725663 0.000000
16 16 0.713857 0.000000
17 169 0.718653 0.000000
18 4 0.845819 0.400000
19 7 0.526395 38.600000
20 4 0.651132 14.000000
21 0 0.000000 100.000000
22 173 0.805067 0.000000
23 24 0.851459 0.000000
24 34 0.821583 0.000000
25 102 0.843838 0.000000
26 2 0.626736 30.400000
27 16 0.817171 0.000000
28 2 0.509549 46.400000
29 3 0.594783 27.000000
30 0 0.000000 100.000000
31 3 0.504928 53.600000
32 16 0.823955 0.000000
33 0 0.000000 100.000000
34 4 0.476916 57.200000
35 3 0.400000 73.400000
36 12 0.746319 0.200000
37 7 0.704528 3.400000
38 1 0.403813 63.600000
39 33 0.861329 0.000000
40 28 0.694416 0.000000
41 0 0.000000 100.000000
42 0 0.000000 100.000000
43 1 0.668977 33.000000
44 0 0.000000 100.000000
45 0 0.000000 100.000000
46 0 0.000000 100.000000
47 2 0.681424 22.600000
48 84 0.752627 0.000000
49 0 0.000000 100.000000
50 0 0.000000 100.000000
51 6 0.481352 52.600000
52 0 0.000000 100.000000
53 0 0.000000 100.000000
54 3 0.673043 15.200000
55 25 0.803617 0.000000
56 3 0.562319 37.400000
57 0 0.000000 100.000000
58 1 0.892548 10.400000
59 0 0.000000 100.000000
60 0 0.000000 100.000000
61 2 0.677951 22.200000
62 33 0.731832 0.000000
63 0 0.000000 100.000000
64 14 0.451494 72.800000
65 14 0.732523 0.000000
66 0 0.000000 100.000000
67 0 0.000000 100.000000
68 0 0.000000 100.000000
69 1 0.079723 92.800000
70 0 0.000000 100.000000
71 10 0.447711 71.800000
72 1 0.279029 72.800000
73 14 0.315223 99.600000
74 0 0.000000 100.000000
75 3 0.848696 1.400000
76 0 0.000000 100.000000
77 1 0.077990 91.800000
78 0 0.000000 100.000000
79 0 0.000000 100.000000
80 0 0.000000 100.000000
81 0 0.000000 100.000000
82 0 0.000000 100.000000
83 95 0.733181 0.000000
84 70 0.684927 0.000000
85 104 0.829641 0.000000
86 0 0.000000 100.000000
87 372 0.776542 0.000000
88 0 0.000000 100.000000
89 2 0.426215 63.200000
90 0 0.000000 100.000000
91 0 0.000000 100.000000
92 0 0.000000 100.000000
93 0 0.000000 100.000000
94 0 0.000000 100.000000
95 0 0.000000 100.000000
96 0 0.000000 100.000000
97 50 0.797992 0.000000
98 0 0.000000 100.000000
99 9 0.791056 0.000000
100 41 0.743789 0.000000
101 65 0.760114 0.000000
102 3 0.782609 3.400000
103 0 0.000000 100.000000
104 0 0.000000 100.000000
105 0 0.000000 100.000000
106 0 0.000000 100.000000
107 0 0.000000 100.000000
108 9 0.736575 0.200000
109 3 0.358841 81.600000
110 0 0.000000 100.000000
111 132 0.779844 0.000000
112 62 0.857371 0.000000
113 0 0.000000 100.000000
114 7 0.573430 22.200000
115 0 0.000000 100.000000
116 0 0.000000 100.000000
117 0 0.000000 100.000000
118 1 0.908146 9.400000
119 0 0.000000 100.000000
120 28 0.680779 0.000000
121 0 0.000000 100.000000
122 0 0.000000 100.000000
123 0 0.000000 100.000000
124 5 0.728098 3.200000
125 1 0.213172 77.600000
126 6 0.564977 28.800000
127 1 0.415945 56.400000
128 2 0.675347 18.000000
129 0 0.000000 100.000000
130 0 0.000000 100.000000
131 0 0.000000 100.000000
132 7 0.430573 72.400000
133 2 0.549479 38.000000
134 95 0.721543 0.000000
135 35 0.881347 0.000000
136 212 0.779488 0.000000
137 21 0.766521 0.000000
138 0 0.000000 100.000000
139 0 0.000000 100.000000
140 0 0.000000 100.000000
141 0 0.000000 100.000000
142 71 0.729700 0.000000
143 0 0.000000 100.000000
144 0 0.000000 100.000000
145 0 0.000000 100.000000
146 14 0.639564 3.400000
147 0 0.000000 100.000000
148 16 0.572286 15.800000
149 11 0.683662 2.200000
150 8 0.533553 37.600000
151 0 0.000000 100.000000
152 3 0.702029 12.200000
153 0 0.000000 100.000000
154 0 0.000000 100.000000
155 0 0.000000 100.000000
156 0 0.000000 100.000000
157 0 0.000000 100.000000
158 0 0.000000 100.000000
159 0 0.000000 100.000000
160 0 0.000000 100.000000
161 0 0.000000 100.000000
162 0 0.000000 100.000000
163 0 0.000000 100.000000
164 0 0.000000 100.000000
165 0 0.000000 100.000000
166 0 0.000000 100.000000
167 0 0.000000 100.000000
168 96 0.754733 0.000000
169 11 0.684143 1.000000
170 49 0.840901 0.000000
171 22 0.806573 0.000000
172 4 0.627178 21.400000
173 4 0.512195 45.800000
174 1 0.649913 35.400000
175 22 0.862410 0.000000
176 101 0.844988 0.000000
177 0 0.000000 100.000000
178 78 0.790256 0.000000
179 61 0.829565 0.000000
180 124 0.742291 0.000000
181 81 0.846139 0.000000
182 19 0.802938 0.000000
183 263 0.739984 0.000000
184 0 0.000000 100.000000
185 0 0.000000 100.000000
186 0 0.000000 100.000000
187 4 0.561847 37.400000
188 0 0.000000 100.000000
189 0 0.000000 100.000000
190 0 0.000000 100.000000
191 0 0.000000 100.000000
192 0 0.000000 100.000000
193 0 0.000000 100.000000
194 0 0.000000 100.000000
195 1 0.648180 34.600000
196 0 0.000000 100.000000
197 3 0.766377 4.600000
198 0 0.000000 100.000000
199 4 0.640244 19.600000
200 3 0.521159 49.000000
201 0 0.000000 100.000000
202 0 0.000000 100.000000
203 2 0.011285 100.000000
204 0 0.000000 100.000000
205 0 0.000000 100.000000
206 0 0.000000 100.000000
207 0 0.000000 100.000000
208 3 0.656812 16.800000
209 3 0.721159 8.200000
210 18 0.794742 0.000000
211 0 0.000000 100.000000
212 0 0.000000 100.000000
213 28 0.752532 0.000000
214 0 0.000000 100.000000
215 0 0.000000 100.000000
216 0 0.000000 100.000000
217 0 0.000000 100.000000
218 0 0.000000 100.000000
219 0 0.000000 100.000000
220 0 0.000000 100.000000
221 0 0.000000 100.000000
222 0 0.000000 100.000000
223 4 0.164634 99.600000
224 0 0.000000 100.000000
225 1 0.766031 25.000000
226 0 0.000000 100.000000
227 0 0.000000 100.000000
228 0 0.000000 100.000000
229 0 0.000000 100.000000
230 0 0.000000 100.000000
231 0 0.000000 100.000000
232 0 0.000000 100.000000
233 0 0.000000 100.000000
234 0 0.000000 100.000000
235 0 0.000000 100.000000
236 1 0.610052 36.000000
237 3 1.000000 0.000000
238 2 0.773438 12.400000
239 0 0.000000 100.000000
240 0 0.000000 100.000000
241 0 0.000000 100.000000
242 0 0.000000 100.000000
243 0 0.000000 100.000000
244 1 0.821490 16.000000
245 12 0.925795 0.000000
246 0 0.000000 100.000000
247 0 0.000000 100.000000
248 0 0.000000 100.000000
249 0 0.000000 100.000000
250 0 0.000000 100.000000
251 0 0.000000 100.000000
252 0 0.000000 100.000000
253 0 0.000000 100.000000
254 0 0.000000 100.000000
255 0 0.000000 100.000000
256 0 0.000000 100.000000
257 0 0.000000 100.000000
258 0 0.000000 100.000000
259 0 0.000000 100.000000
260 0 0.000000 100.000000
261 0 0.000000 100.000000
262 0 0.000000 100.000000
263 0 0.000000 100.000000
264 0 0.000000 100.000000
265 0 0.000000 100.000000
266 0 0.000000 100.000000
267 0 0.000000 100.000000
268 0 0.000000 100.000000
269 0 0.000000 100.000000
270 0 0.000000 100.000000
271 0 0.000000 100.000000
272 0 0.000000 100.000000
273 485 0.885168 0.000000
274 451 0.754718 0.000000
275 10 0.638732 7.000000
276 0 0.000000 100.000000
277 17 0.777079 0.000000
278 356 0.805117 0.000000
279 32 0.704441 0.000000
280 25 0.727306 0.000000
281 22 0.822678 0.000000
282 13 0.802042 0.000000
283 5 0.575567 28.000000
284 0 0.000000 100.000000
285 0 0.000000 100.000000
286 343 0.733763 0.000000
287 7 0.738304 0.800000
288 0 0.000000 100.000000
289 0 0.000000 100.000000
290 1 0.677643 31.200000
291 0 0.000000 100.000000
292 0 0.000000 100.000000
293 9 0.577426 21.800000
294 577 0.911612 7.600000
295 4 0.550523 39.000000
296 4 0.631098 18.800000
297 4 0.728223 5.000000
298 0 0.000000 100.000000
299 392 0.754965 0.000000
300 218 0.709901 0.000000
301 546 0.677541 0.000000
302 89 0.781715 0.000000
303 0 0.000000 100.000000
304 114 0.665495 0.000000
305 3 0.651014 17.400000
306 571 0.725044 2.600000
307 0 0.000000 100.000000
308 0 0.000000 100.000000
309 0 0.000000 100.000000
310 0 0.000000 100.000000
311 0 0.000000 100.000000
312 0 0.000000 100.000000
313 0 0.000000 100.000000
314 0 0.000000 100.000000
315 0 0.000000 100.000000
316 0 0.000000 100.000000
317 0 0.000000 100.000000
318 0 0.000000 100.000000
0 0 0.000000 0.000000
