0 374 0.755452 0.000000
1 401 0.769193 0.000000
2 230 0.787894 0.000000
3 77 0.827306 0.000000
4 123 0.840597 0.000000
5 10 0.502465 47.800000
6 0 0.000000 100.000000
7 10 0.595070 15.200000
8 14 0.835613 0.000000
9 0 0.000000 100.000000
10 0 0.000000 100.000000
11 147 0.773269 0.000000
12 44 0.731486 0.000000
13 108 0.809634 0.000000
14 41 0.820957 0.000000
15 55 0.808413 0.000000
16 9 0.529779 36.800000
17 162 0.785494 0.000000
18 4 0.435976 66.200000
19 6 0.451923 63.800000
20 4 0.496516 49.600000
21 0 0.000000 100.000000
22 168 0.784277 0.000000
23 20 0.791487 0.000000
24 29 0.771560 0.000000
25 97 0.820863 0.000000
26 3 0.587246 36.000000
27 15 0.765423 0.000000
28 5 0.780803 1.000000
29 5 0.756370 2.600000
30 0 0.000000 100.000000
31 1 0.679376 30.000000
32 21 0.857827 0.000000
33 0 0.000000 100.000000
34 3 0.458551 57.400000
35 1 0.443674 55.600000
36 4 0.483449 54.800000
37 6 0.554779 34.600000
38 1 0.755633 25.400000
39 25 0.769186 0.000000
40 20 0.775717 0.000000
41 0 0.000000 100.000000
42 0 0.000000 100.000000
43 0 0.000000 100.000000
44 0 0.000000 100.000000
45 0 0.000000 100.000000
46 0 0.000000 100.000000
47 1 0.343154 63.200000
48 87 0.819510 0.000000
49 0 0.000000 100.000000
50 0 0.000000 100.000000
51 10 0.507923 42.400000
52 0 0.000000 100.000000
53 0 0.000000 100.000000
54 4 0.581446 27.000000
55 24 0.876730 0.000000
56 7 0.600200 18.600000
57 1 0.722704 29.400000
58 0 0.000000 100.000000
59 0 0.000000 100.000000
60 0 0.000000 100.000000
61 2 0.762153 9.600000
62 33 0.800056 0.000000
63 1 0.866551 14.400000
64 10 0.606514 12.000000
65 11 0.579125 19.400000
66 0 0.000000 100.000000
67 2 0.557292 38.800000
68 0 0.000000 100.000000
69 0 0.000000 100.000000
70 0 0.000000 100.000000
71 10 0.419718 77.000000
72 0 0.000000 100.000000
73 11 0.368767 92.600000
74 0 0.000000 100.000000
75 3 0.372174 76.000000
76 0 0.000000 100.000000
77 0 0.000000 100.000000
78 0 0.000000 100.000000
79 0 0.000000 100.000000
80 0 0.000000 100.000000
81 0 0.000000 100.000000
82 0 0.000000 100.000000
83 112 0.760327 0.000000
84 63 0.690122 0.000000
85 108 0.886564 0.000000
86 0 0.000000 100.000000
87 373 0.787243 0.000000
88 0 0.000000 100.000000
89 0 0.000000 100.000000
90 0 0.000000 100.000000
91 0 0.000000 100.000000
92 0 0.000000 100.000000
93 0 0.000000 100.000000
94 0 0.000000 100.000000
95 0 0.000000 100.000000
96 0 0.000000 100.000000
97 63 0.843520 0.000000
98 0 0.000000 100.000000
99 14 0.815983 0.000000
100 51 0.851546 0.000000
101 73 0.831466 0.000000
102 3 0.682899 13.000000
103 0 0.000000 100.000000
104 0 0.000000 100.000000
105 0 0.000000 100.000000
106 0 0.000000 100.000000
107 1 0.389948 59.600000
108 7 0.488366 55.000000
109 4 0.515679 44.000000
110 0 0.000000 100.000000
111 128 0.786441 0.000000
112 63 0.891324 0.000000
113 0 0.000000 100.000000
114 5 0.597208 27.800000
115 0 0.000000 100.000000
116 0 0.000000 100.000000
117 0 0.000000 100.000000
118 2 0.799479 8.000000
119 0 0.000000 100.000000
120 23 0.711947 0.000000
121 0 0.000000 100.000000
122 3 0.742029 5.400000
123 0 0.000000 100.000000
124 3 0.486377 48.000000
125 0 0.000000 100.000000
126 6 0.828380 0.000000
127 3 0.720000 7.400000
128 2 0.730903 14.000000
129 0 0.000000 100.000000
130 0 0.000000 100.000000
131 0 0.000000 100.000000
132 8 0.653947 7.400000
133 0 0.000000 100.000000
134 98 0.762585 0.000000
135 37 0.849478 0.000000
136 230 0.796427 0.000000
137 25 0.831320 0.000000
138 3 0.288116 89.000000
139 4 0.317944 89.200000
140 0 0.000000 100.000000
141 0 0.000000 100.000000
142 90 0.724362 0.000000
143 0 0.000000 100.000000
144 0 0.000000 100.000000
145 0 0.000000 100.000000
146 13 0.846835 0.000000
147 0 0.000000 100.000000
148 31 0.790234 0.000000
149 6 0.632284 16.600000
150 16 0.672598 0.800000
151 0 0.000000 100.000000
152 2 0.625000 29.000000
153 0 0.000000 100.000000
154 0 0.000000 100.000000
155 0 0.000000 100.000000
156 0 0.000000 100.000000
157 0 0.000000 100.000000
158 0 0.000000 100.000000
159 0 0.000000 100.000000
160 0 0.000000 100.000000
161 0 0.000000 100.000000
162 0 0.000000 100.000000
163 0 0.000000 100.000000
164 1 0.324090 68.200000
165 0 0.000000 100.000000
166 0 0.000000 100.000000
167 0 0.000000 100.000000
168 98 0.765327 0.000000
169 8 0.700000 3.000000
170 59 0.803436 0.000000
171 28 0.859156 0.000000
172 7 0.408556 77.600000
173 1 0.887348 9.000000
174 0 0.000000 100.000000
175 21 0.719415 0.000000
176 102 0.871952 0.000000
177 0 0.000000 100.000000
178 80 0.847113 0.000000
179 77 0.813620 0.000000
180 123 0.766551 0.000000
181 79 0.855585 0.000000
182 24 0.795202 0.000000
183 267 0.791707 0.000000
184 0 0.000000 100.000000
185 0 0.000000 100.000000
186 0 0.000000 100.000000
187 8 0.697807 2.000000
188 0 0.000000 100.000000
189 0 0.000000 100.000000
190 0 0.000000 100.000000
191 0 0.000000 100.000000
192 0 0.000000 100.000000
193 0 0.000000 100.000000
194 0 0.000000 100.000000
195 1 0.850953 17.800000
196 1 0.691508 27.600000
197 2 0.440104 60.200000
198 0 0.000000 100.000000
199 5 0.626178 18.000000
200 7 0.720290 2.600000
201 0 0.000000 100.000000
202 0 0.000000 100.000000
203 1 0.171577 84.200000
204 0 0.000000 100.000000
205 0 0.000000 100.000000
206 0 0.000000 100.000000
207 0 0.000000 100.000000
208 1 0.090121 89.600000
209 0 0.000000 100.000000
210 19 0.797288 0.000000
211 0 0.000000 100.000000
212 1 0.396880 60.800000
213 23 0.761692 0.000000
214 0 0.000000 100.000000
215 0 0.000000 100.000000
216 0 0.000000 100.000000
217 0 0.000000 100.000000
218 0 0.000000 100.000000
219 0 0.000000 100.000000
220 0 0.000000 100.000000
221 0 0.000000 100.000000
222 0 0.000000 100.000000
223 1 0.890815 9.800000
224 0 0.000000 100.000000
225 0 0.000000 100.000000
226 0 0.000000 100.000000
227 0 0.000000 100.000000
228 0 0.000000 100.000000
229 0 0.000000 100.000000
230 0 0.000000 100.000000
231 0 0.000000 100.000000
232 0 0.000000 100.000000
233 0 0.000000 100.000000
234 0 0.000000 100.000000
235 0 0.000000 100.000000
236 0 0.000000 100.000000
237 1 0.622184 37.200000
238 2 0.785590 8.800000
239 0 0.000000 100.000000
240 0 0.000000 100.000000
241 0 0.000000 100.000000
242 0 0.000000 100.000000
243 0 0.000000 100.000000
244 2 0.331597 77.200000
245 5 0.957417 0.000000
246 0 0.000000 100.000000
247 0 0.000000 100.000000
248 0 0.000000 100.000000
249 0 0.000000 100.000000
250 0 0.000000 100.000000
251 0 0.000000 100.000000
252 0 0.000000 100.000000
253 0 0.000000 100.000000
254 0 0.000000 100.000000
255 0 0.000000 100.000000
256 0 0.000000 100.000000
257 0 0.000000 100.000000
258 0 0.000000 100.000000
259 0 0.000000 100.000000
260 0 0.000000 100.000000
261 0 0.000000 100.000000
262 0 0.000000 100.000000
263 0 0.000000 100.000000
264 0 0.000000 100.000000
265 0 0.000000 100.000000
266 0 0.000000 100.000000
267 0 0.000000 100.000000
268 0 0.000000 100.000000
269 0 0.000000 100.000000
270 0 0.000000 100.000000
271 0 0.000000 100.000000
272 0 0.000000 100.000000
273 486 0.873725 0.000000
274 445 0.777461 0.000000
275 2 0.595486 32.600000
276 0 0.000000 100.000000
277 16 0.764346 0.000000
278 353 0.771394 0.000000
279 45 0.881551 0.000000
280 19 0.703700 0.000000
281 18 0.810417 0.000000
282 12 0.781802 0.000000
283 6 0.470571 60.800000
284 0 0.000000 100.000000
285 0 0.000000 100.000000
286 366 0.732434 0.000000
287 8 0.730921 1.200000
288 0 0.000000 100.000000
289 0 0.000000 100.000000
290 0 0.000000 100.000000
291 1 0.733102 25.200000
292 0 0.000000 100.000000
293 10 0.766549 0.200000
294 578 0.000000 100.000000
295 3 0.641159 22.200000
296 3 0.547246 38.200000
297 3 0.501449 51.600000
298 0 0.000000 100.000000
299 422 0.739033 0.000000
300 246 0.699873 0.000000
301 552 0.770555 0.000000
302 81 0.813151 0.000000
303 0 0.000000 100.000000
304 126 0.690213 0.000000
305 6 0.573427 26.000000
306 571 0.917438 0.000000
307 0 0.000000 100.000000
308 0 0.000000 100.000000
309 0 0.000000 100.000000
310 0 0.000000 100.000000
311 0 0.000000 100.000000
312 0 0.000000 100.000000
313 0 0.000000 100.000000
314 0 0.000000 100.000000
315 0 0.000000 100.000000
316 0 0.000000 100.000000
317 0 0.000000 100.000000
318 0 0.000000 100.000000
0 0 0.000000 0.000000
