0 388 0.757244 0.000000
1 414 0.786990 0.000000
2 257 0.768840 0.000000
3 92 0.834317 0.000000
4 132 0.810657 0.000000
5 7 0.787090 0.400000
6 0 0.000000 100.000000
7 8 0.557456 30.800000
8 16 0.821619 0.000000
9 1 0.400347 62.800000
10 0 0.000000 100.000000
11 154 0.767137 0.000000
12 43 0.668594 0.000000
13 118 0.762583 0.000000
14 40 0.791543 0.000000
15 68 0.688927 0.000000
16 15 0.730018 0.200000
17 149 0.797469 0.000000
18 8 0.563158 26.000000
19 3 0.826667 2.600000
20 4 0.964286 0.000000
21 0 0.000000 100.000000
22 172 0.764900 0.000000
23 19 0.739290 0.000000
24 29 0.734376 0.000000
25 104 0.795744 0.000000
26 4 0.389808 82.000000
27 14 0.877280 0.000000
28 7 0.626220 11.000000
29 7 0.412559 76.000000
30 0 0.000000 100.000000
31 3 0.573333 35.800000
32 11 0.895302 0.000000
33 0 0.000000 100.000000
34 6 0.590618 23.000000
35 0 0.000000 100.000000
36 10 0.373768 90.000000
37 3 0.805217 3.800000
38 1 0.448873 52.000000
39 19 0.791545 0.000000
40 18 0.712798 0.000000
41 0 0.000000 100.000000
42 1 0.242634 76.600000
43 1 0.526863 49.600000
44 0 0.000000 100.000000
45 0 0.000000 100.000000
46 0 0.000000 100.000000
47 4 0.693815 9.200000
48 114 0.754783 0.000000
49 0 0.000000 100.000000
50 0 0.000000 100.000000
51 4 0.567509 32.800000
52 0 0.000000 100.000000
53 1 1.000000 0.200000
54 3 0.448696 63.400000
55 34 0.826071 0.000000
56 2 0.151910 96.000000
57 1 0.105719 90.000000
58 0 0.000000 100.000000
59 0 0.000000 100.000000
60 0 0.000000 100.000000
61 1 0.982669 2.400000
62 38 0.817739 0.000000
63 2 0.130208 96.600000
64 11 0.719096 0.200000
65 13 0.689040 1.200000
66 0 0.000000 100.000000
67 4 0.557491 38.000000
68 0 0.000000 100.000000
69 1 0.109185 88.800000
70 0 0.000000 100.000000
71 14 0.380952 95.800000
72 1 0.311958 71.000000
73 17 0.492293 54.800000
74 0 0.000000 100.000000
75 8 0.644079 9.200000
76 0 0.000000 100.000000
77 0 0.000000 100.000000
78 0 0.000000 100.000000
79 0 0.000000 100.000000
80 0 0.000000 100.000000
81 0 0.000000 100.000000
82 0 0.000000 100.000000
83 97 0.777633 0.000000
84 91 0.723876 0.000000
85 105 0.892278 0.000000
86 0 0.000000 100.000000
87 382 0.772024 0.000000
88 0 0.000000 100.000000
89 3 0.674783 16.800000
90 0 0.000000 100.000000
91 0 0.000000 100.000000
92 0 0.000000 100.000000
93 0 0.000000 100.000000
94 0 0.000000 100.000000
95 0 0.000000 100.000000
96 0 0.000000 100.000000
97 73 0.759745 0.000000
98 0 0.000000 100.000000
99 13 0.657999 2.800000
100 62 0.760659 0.000000
101 65 0.818953 0.000000
102 3 0.742609 7.800000
103 0 0.000000 100.000000
104 0 0.000000 100.000000
105 0 0.000000 100.000000
106 0 0.000000 100.000000
107 0 0.000000 100.000000
108 9 0.658270 6.200000
109 0 0.000000 100.000000
110 1 0.980936 2.200000
111 116 0.744234 0.000000
112 50 0.906629 0.000000
113 0 0.000000 100.000000
114 5 0.667016 11.200000
115 0 0.000000 100.000000
116 0 0.000000 100.000000
117 0 0.000000 100.000000
118 6 0.333916 91.400000
119 3 0.453913 61.600000
120 25 0.705750 0.000000
121 0 0.000000 100.000000
122 3 0.902609 0.200000
123 0 0.000000 100.000000
124 1 0.927210 6.400000
125 0 0.000000 100.000000
126 6 0.966200 0.000000
127 7 0.880911 0.000000
128 4 0.948606 0.000000
129 0 0.000000 100.000000
130 0 0.000000 100.000000
131 0 0.000000 100.000000
132 13 0.524030 42.800000
133 2 0.262153 88.000000
134 115 0.721889 0.000000
135 41 0.816006 0.000000
136 242 0.783882 0.000000
137 31 0.763578 0.000000
138 3 0.554783 40.400000
139 3 0.509565 47.600000
140 0 0.000000 100.000000
141 0 0.000000 100.000000
142 79 0.698866 0.000000
143 0 0.000000 100.000000
144 0 0.000000 100.000000
145 0 0.000000 100.000000
146 19 0.822992 0.000000
147 0 0.000000 100.000000
148 14 0.804585 0.000000
149 6 0.834207 0.200000
150 6 0.809149 0.800000
151 0 0.000000 100.000000
152 3 0.533913 39.000000
153 0 0.000000 100.000000
154 0 0.000000 100.000000
155 0 0.000000 100.000000
156 0 0.000000 100.000000
157 0 0.000000 100.000000
158 0 0.000000 100.000000
159 0 0.000000 100.000000
160 0 0.000000 100.000000
161 0 0.000000 100.000000
162 0 0.000000 100.000000
163 0 0.000000 100.000000
164 0 0.000000 100.000000
165 0 0.000000 100.000000
166 0 0.000000 100.000000
167 0 0.000000 100.000000
168 98 0.748491 0.000000
169 7 0.865399 0.000000
170 51 0.820441 0.000000
171 21 0.790203 0.000000
172 4 0.382840 79.400000
173 1 0.032929 97.200000
174 1 0.634315 38.400000
175 20 0.905824 0.000000
176 87 0.839268 0.000000
177 0 0.000000 100.000000
178 80 0.845331 0.000000
179 80 0.780798 0.000000
180 124 0.801087 0.000000
181 63 0.860903 0.000000
182 20 0.861738 0.000000
183 255 0.764560 0.000000
184 0 0.000000 100.000000
185 0 0.000000 100.000000
186 0 0.000000 100.000000
187 12 0.625442 6.600000
188 0 0.000000 100.000000
189 0 0.000000 100.000000
190 0 0.000000 100.000000
191 0 0.000000 100.000000
192 0 0.000000 100.000000
193 0 0.000000 100.000000
194 0 0.000000 100.000000
195 4 0.407666 74.200000
196 0 0.000000 100.000000
197 3 0.336232 82.000000
198 0 0.000000 100.000000
199 0 0.000000 100.000000
200 3 0.584928 33.600000
201 0 0.000000 100.000000
202 0 0.000000 100.000000
203 1 0.500867 52.400000
204 0 0.000000 100.000000
205 0 0.000000 100.000000
206 0 0.000000 100.000000
207 0 0.000000 100.000000
208 5 0.308901 90.000000
209 1 0.823224 15.000000
210 19 0.808587 0.000000
211 0 0.000000 100.000000
212 0 0.000000 100.000000
213 27 0.780601 0.000000
214 0 0.000000 100.000000
215 0 0.000000 100.000000
216 0 0.000000 100.000000
217 0 0.000000 100.000000
218 0 0.000000 100.000000
219 0 0.000000 100.000000
220 0 0.000000 100.000000
221 0 0.000000 100.000000
222 0 0.000000 100.000000
223 1 0.736568 24.800000
224 0 0.000000 100.000000
225 1 0.778163 23.000000
226 0 0.000000 100.000000
227 0 0.000000 100.000000
228 0 0.000000 100.000000
229 0 0.000000 100.000000
230 0 0.000000 100.000000
231 0 0.000000 100.000000
232 0 0.000000 100.000000
233 0 0.000000 100.000000
234 0 0.000000 100.000000
235 0 0.000000 100.000000
236 1 0.183709 81.800000
237 4 0.975174 0.000000
238 2 0.947917 0.800000
239 0 0.000000 100.000000
240 0 0.000000 100.000000
241 0 0.000000 100.000000
242 0 0.000000 100.000000
243 0 0.000000 100.000000
244 1 0.746967 25.200000
245 8 0.980482 0.000000
246 0 0.000000 100.000000
247 0 0.000000 100.000000
248 0 0.000000 100.000000
249 0 0.000000 100.000000
250 0 0.000000 100.000000
251 0 0.000000 100.000000
252 0 0.000000 100.000000
253 0 0.000000 100.000000
254 0 0.000000 100.000000
255 0 0.000000 100.000000
256 0 0.000000 100.000000
257 0 0.000000 100.000000
258 0 0.000000 100.000000
259 0 0.000000 100.000000
260 0 0.000000 100.000000
261 1 0.587522 41.000000
262 0 0.000000 100.000000
263 0 0.000000 100.000000
264 0 0.000000 100.000000
265 0 0.000000 100.000000
266 0 0.000000 100.000000
267 0 0.000000 100.000000
268 0 0.000000 100.000000
269 0 0.000000 100.000000
270 0 0.000000 100.000000
271 0 0.000000 100.000000
272 0 0.000000 100.000000
273 456 0.887673 0.000000
274 454 0.752558 0.000000
275 15 0.569805 20.800000
276 0 0.000000 100.000000
277 28 0.759091 0.000000
278 352 0.727160 0.000000
279 45 0.778111 0.000000
280 21 0.798495 0.000000
281 14 0.815476 0.000000
282 9 0.867409 0.000000
283 4 0.463850 56.000000
284 0 0.000000 100.000000
285 0 0.000000 100.000000
286 352 0.738611 0.000000
287 10 0.703697 1.800000
288 0 0.000000 100.000000
289 0 0.000000 100.000000
290 1 1.000000 0.000000
291 0 0.000000 100.000000
292 0 0.000000 100.000000
293 9 0.865065 0.000000
294 578 0.000000 100.000000
295 7 0.754316 1.600000
296 6 0.740385 2.000000
297 7 0.498624 49.600000
298 0 0.000000 100.000000
299 428 0.729268 0.000000
300 251 0.714780 0.000000
301 548 0.700973 0.000000
302 100 0.797385 0.000000
303 0 0.000000 100.000000
304 155 0.691436 0.000000
305 2 0.531250 43.000000
306 570 0.729167 1.200000
307 0 0.000000 100.000000
308 0 0.000000 100.000000
309 0 0.000000 100.000000
310 0 0.000000 100.000000
311 0 0.000000 100.000000
312 0 0.000000 100.000000
313 0 0.000000 100.000000
314 0 0.000000 100.000000
315 0 0.000000 100.000000
316 0 0.000000 100.000000
317 0 0.000000 100.000000
318 0 0.000000 100.000000
0 0 0.000000 0.000000
