0 374 0.739606 0.000000
1 402 0.757993 0.000000
2 213 0.798469 0.000000
3 66 0.726355 0.000000
4 121 0.761759 0.000000
5 13 0.392920 91.200000
6 0 0.000000 100.000000
7 13 0.625187 5.000000
8 17 0.551117 27.200000
9 0 0.000000 100.000000
10 0 0.000000 100.000000
11 136 0.772358 0.000000
12 33 0.606061 1.800000
13 108 0.782112 0.000000
14 31 0.765701 0.000000
15 57 0.692831 0.000000
16 12 0.700530 0.800000
17 160 0.778215 0.000000
18 5 0.743805 3.800000
19 4 0.837979 1.000000
20 5 0.685515 6.400000
21 0 0.000000 100.000000
22 176 0.773787 0.000000
23 22 0.633421 1.200000
24 39 0.804196 0.000000
25 102 0.795745 0.000000
26 2 0.696181 17.600000
27 22 0.936560 0.000000
28 0 0.000000 100.000000
29 8 0.588377 19.000000
30 0 0.000000 100.000000
31 5 0.547993 37.800000
32 20 0.889785 0.000000
33 0 0.000000 100.000000
34 4 0.708624 9.000000
35 1 0.967071 3.800000
36 5 0.769634 1.800000
37 4 0.728659 5.400000
38 3 0.584928 29.800000
39 23 0.812456 0.000000
40 21 0.701633 0.200000
41 0 0.000000 100.000000
42 1 0.129983 87.200000
43 1 0.800693 20.800000
44 0 0.000000 100.000000
45 0 0.000000 100.000000
46 0 0.000000 100.000000
47 1 0.088388 92.800000
48 92 0.720880 0.000000
49 0 0.000000 100.000000
50 0 0.000000 100.000000
51 5 0.640838 14.000000
52 0 0.000000 100.000000
53 2 0.793403 7.600000
54 9 0.609256 15.600000
55 27 0.745648 0.000000
56 5 0.399651 75.400000
57 1 0.331023 67.200000
58 1 0.759099 21.400000
59 0 0.000000 100.000000
60 0 0.000000 100.000000
61 1 0.934142 6.400000
62 40 0.746004 0.000000
63 2 0.545139 39.200000
64 17 0.742057 0.000000
65 19 0.762828 0.000000
66 0 0.000000 100.000000
67 1 0.689775 31.800000
68 0 0.000000 100.000000
69 2 0.189236 92.800000
70 0 0.000000 100.000000
71 8 0.721272 1.800000
72 0 0.000000 100.000000
73 16 0.410254 88.800000
74 0 0.000000 100.000000
75 8 0.540789 34.800000
76 0 0.000000 100.000000
77 0 0.000000 100.000000
78 0 0.000000 100.000000
79 0 0.000000 100.000000
80 0 0.000000 100.000000
81 0 0.000000 100.000000
82 0 0.000000 100.000000
83 114 0.708711 0.000000
84 71 0.680918 0.000000
85 107 0.871937 0.000000
86 0 0.000000 100.000000
87 385 0.765292 0.000000
88 0 0.000000 100.000000
89 2 0.866319 4.800000
90 0 0.000000 100.000000
91 0 0.000000 100.000000
92 0 0.000000 100.000000
93 0 0.000000 100.000000
94 0 0.000000 100.000000
95 0 0.000000 100.000000
96 0 0.000000 100.000000
97 83 0.799392 0.000000
98 0 0.000000 100.000000
99 24 0.684642 0.000000
100 61 0.795669 0.000000
101 67 0.859071 0.000000
102 3 0.655652 17.600000
103 0 0.000000 100.000000
104 0 0.000000 100.000000
105 0 0.000000 100.000000
106 0 0.000000 100.000000
107 0 0.000000 100.000000
108 4 0.678136 9.400000
109 6 0.536422 41.000000
110 0 0.000000 100.000000
111 125 0.708238 0.000000
112 67 0.867424 0.000000
113 0 0.000000 100.000000
114 3 0.563478 37.200000
115 0 0.000000 100.000000
116 0 0.000000 100.000000
117 0 0.000000 100.000000
118 1 0.998267 0.000000
119 1 0.294627 68.600000
120 21 0.858853 0.000000
121 0 0.000000 100.000000
122 2 0.629340 28.400000
123 0 0.000000 100.000000
124 2 0.727431 17.000000
125 0 0.000000 100.000000
126 5 0.403141 75.000000
127 6 0.754953 1.600000
128 2 0.943576 1.200000
129 0 0.000000 100.000000
130 0 0.000000 100.000000
131 0 0.000000 100.000000
132 10 0.553169 28.800000
133 2 0.652778 24.000000
134 116 0.723056 0.000000
135 33 0.770420 0.000000
136 240 0.766346 0.000000
137 35 0.725230 0.000000
138 1 0.076256 93.200000
139 5 0.244328 96.800000
140 0 0.000000 100.000000
141 0 0.000000 100.000000
142 81 0.768786 0.000000
143 0 0.000000 100.000000
144 0 0.000000 100.000000
145 0 0.000000 100.000000
146 16 0.916036 0.000000
147 0 0.000000 100.000000
148 16 0.872220 0.000000
149 12 0.655624 4.600000
150 8 0.555482 26.200000
151 0 0.000000 100.000000
152 3 0.831884 1.600000
153 0 0.000000 100.000000
154 0 0.000000 100.000000
155 0 0.000000 100.000000
156 0 0.000000 100.000000
157 0 0.000000 100.000000
158 0 0.000000 100.000000
159 0 0.000000 100.000000
160 0 0.000000 100.000000
161 0 0.000000 100.000000
162 0 0.000000 100.000000
163 0 0.000000 100.000000
164 1 0.767764 23.800000
165 0 0.000000 100.000000
166 0 0.000000 100.000000
167 0 0.000000 100.000000
168 92 0.758566 0.000000
169 9 0.677797 4.000000
170 55 0.746185 0.000000
171 29 0.820614 0.000000
172 5 0.434904 69.600000
173 3 0.442319 61.400000
174 1 0.902946 10.800000
175 19 0.871387 0.000000
176 96 0.872018 0.000000
177 0 0.000000 100.000000
178 82 0.804903 0.000000
179 72 0.777146 0.000000
180 109 0.794938 0.000000
181 76 0.848553 0.000000
182 29 0.761322 0.000000
183 253 0.787960 0.000000
184 0 0.000000 100.000000
185 0 0.000000 100.000000
186 1 0.963605 4.800000
187 9 0.622730 11.200000
188 0 0.000000 100.000000
189 0 0.000000 100.000000
190 0 0.000000 100.000000
191 0 0.000000 100.000000
192 0 0.000000 100.000000
193 0 0.000000 100.000000
194 0 0.000000 100.000000
195 3 0.322319 84.000000
196 0 0.000000 100.000000
197 3 0.329275 85.000000
198 0 0.000000 100.000000
199 5 0.522513 39.200000
200 3 0.534493 44.400000
201 0 0.000000 100.000000
202 0 0.000000 100.000000
203 0 0.000000 100.000000
204 0 0.000000 100.000000
205 0 0.000000 100.000000
206 0 0.000000 100.000000
207 0 0.000000 100.000000
208 3 0.393623 72.200000
209 2 0.296007 80.200000
210 20 0.773656 0.000000
211 0 0.000000 100.000000
212 0 0.000000 100.000000
213 28 0.689156 0.000000
214 0 0.000000 100.000000
215 0 0.000000 100.000000
216 0 0.000000 100.000000
217 0 0.000000 100.000000
218 0 0.000000 100.000000
219 0 0.000000 100.000000
220 0 0.000000 100.000000
221 0 0.000000 100.000000
222 0 0.000000 100.000000
223 3 0.681739 14.400000
224 0 0.000000 100.000000
225 0 0.000000 100.000000
226 0 0.000000 100.000000
227 0 0.000000 100.000000
228 0 0.000000 100.000000
229 0 0.000000 100.000000
230 0 0.000000 100.000000
231 0 0.000000 100.000000
232 0 0.000000 100.000000
233 0 0.000000 100.000000
234 0 0.000000 100.000000
235 0 0.000000 100.000000
236 2 1.000000 0.000000
237 5 0.452705 64.200000
238 1 0.558059 47.400000
239 0 0.000000 100.000000
240 0 0.000000 100.000000
241 0 0.000000 100.000000
242 0 0.000000 100.000000
243 0 0.000000 100.000000
244 1 0.944541 6.800000
245 9 0.953525 0.000000
246 0 0.000000 100.000000
247 0 0.000000 100.000000
248 0 0.000000 100.000000
249 0 0.000000 100.000000
250 0 0.000000 100.000000
251 0 0.000000 100.000000
252 0 0.000000 100.000000
253 0 0.000000 100.000000
254 0 0.000000 100.000000
255 0 0.000000 100.000000
256 0 0.000000 100.000000
257 0 0.000000 100.000000
258 0 0.000000 100.000000
259 0 0.000000 100.000000
260 0 0.000000 100.000000
261 0 0.000000 100.000000
262 0 0.000000 100.000000
263 0 0.000000 100.000000
264 0 0.000000 100.000000
265 0 0.000000 100.000000
266 0 0.000000 100.000000
267 0 0.000000 100.000000
268 0 0.000000 100.000000
269 0 0.000000 100.000000
270 0 0.000000 100.000000
271 0 0.000000 100.000000
272 0 0.000000 100.000000
273 476 0.844249 0.000000
274 437 0.742052 0.000000
275 9 0.597540 15.600000
276 0 0.000000 100.000000
277 26 0.746446 0.000000
278 337 0.765000 0.000000
279 45 0.811465 0.000000
280 23 0.791853 0.000000
281 17 0.806648 0.000000
282 11 0.879910 0.000000
283 7 0.427821 74.800000
284 0 0.000000 100.000000
285 0 0.000000 100.000000
286 357 0.732373 0.000000
287 10 0.673944 3.400000
288 0 0.000000 100.000000
289 0 0.000000 100.000000
290 2 0.405382 67.600000
291 0 0.000000 100.000000
292 0 0.000000 100.000000
293 15 0.681468 0.800000
294 578 0.000000 100.000000
295 5 0.516230 46.000000
296 5 0.572077 30.800000
297 4 0.592770 25.600000
298 0 0.000000 100.000000
299 418 0.775015 0.000000
300 236 0.762526 0.000000
301 550 0.768571 0.000000
302 95 0.760880 0.000000
303 0 0.000000 100.000000
304 122 0.655306 0.000000
305 3 0.728116 10.200000
306 572 0.874709 0.000000
307 0 0.000000 100.000000
308 0 0.000000 100.000000
309 0 0.000000 100.000000
310 0 0.000000 100.000000
311 0 0.000000 100.000000
312 0 0.000000 100.000000
313 0 0.000000 100.000000
314 0 0.000000 100.000000
315 0 0.000000 100.000000
316 0 0.000000 100.000000
317 0 0.000000 100.000000
318 0 0.000000 100.000000
0 0 0.000000 0.000000
