0 348 0.777586 0.000000
1 411 0.816498 0.000000
2 218 0.793208 0.000000
3 86 0.796204 0.000000
4 135 0.825048 0.000000
5 7 0.673755 6.200000
6 0 0.000000 100.000000
7 12 0.664753 2.000000
8 20 0.645609 1.400000
9 1 0.071057 90.000000
10 0 0.000000 100.000000
11 150 0.813598 0.000000
12 49 0.706609 0.000000
13 109 0.809354 0.000000
14 39 0.837210 0.000000
15 62 0.760128 0.000000
16 11 0.815135 0.000000
17 178 0.786629 0.000000
18 5 0.711344 4.200000
19 3 0.500290 51.800000
20 11 0.934103 0.000000
21 0 0.000000 100.000000
22 197 0.791012 0.000000
23 30 0.783151 0.000000
24 36 0.786132 0.000000
25 115 0.788900 0.000000
26 1 0.242634 76.800000
27 23 0.842538 0.000000
28 1 0.875217 9.000000
29 9 0.497950 52.600000
30 0 0.000000 100.000000
31 2 0.690972 19.000000
32 23 0.924559 0.000000
33 0 0.000000 100.000000
34 4 0.233014 95.600000
35 0 0.000000 100.000000
36 10 0.360387 94.600000
37 3 0.731014 11.200000
38 2 0.412326 65.800000
39 33 0.806116 0.000000
40 23 0.787857 0.000000
41 0 0.000000 100.000000
42 0 0.000000 100.000000
43 1 0.398614 60.200000
44 0 0.000000 100.000000
45 0 0.000000 100.000000
46 0 0.000000 100.000000
47 1 0.053726 93.000000
48 89 0.804278 0.000000
49 0 0.000000 100.000000
50 0 0.000000 100.000000
51 6 0.734848 2.600000
52 0 0.000000 100.000000
53 0 0.000000 100.000000
54 5 0.455846 63.600000
55 27 0.825839 0.000000
56 5 0.490401 49.800000
57 1 0.589255 42.200000
58 1 0.670711 31.000000
59 0 0.000000 100.000000
60 0 0.000000 100.000000
61 0 0.000000 100.000000
62 34 0.760110 0.000000
63 0 0.000000 100.000000
64 7 0.806355 0.400000
65 7 0.754816 1.000000
66 0 0.000000 100.000000
67 3 0.463188 61.400000
68 0 0.000000 100.000000
69 1 0.204506 81.400000
70 0 0.000000 100.000000
71 5 0.701920 5.200000
72 0 0.000000 100.000000
73 10 0.762148 0.000000
74 1 0.700173 27.000000
75 5 0.509599 46.000000
76 0 0.000000 100.000000
77 1 0.734835 24.000000
78 0 0.000000 100.000000
79 0 0.000000 100.000000
80 0 0.000000 100.000000
81 0 0.000000 100.000000
82 0 0.000000 100.000000
83 96 0.735196 0.000000
84 71 0.709420 0.000000
85 99 0.855887 0.000000
86 0 0.000000 100.000000
87 360 0.773050 0.000000
88 0 0.000000 100.000000
89 5 0.863176 0.400000
90 0 0.000000 100.000000
91 0 0.000000 100.000000
92 0 0.000000 100.000000
93 0 0.000000 100.000000
94 0 0.000000 100.000000
95 0 0.000000 100.000000
96 0 0.000000 100.000000
97 62 0.850369 0.000000
98 0 0.000000 100.000000
99 15 0.784369 0.000000
100 47 0.878431 0.000000
101 80 0.810065 0.000000
102 1 0.171577 85.600000
103 0 0.000000 100.000000
104 0 0.000000 100.000000
105 0 0.000000 100.000000
106 0 0.000000 100.000000
107 1 0.708839 25.600000
108 3 0.716522 10.800000
109 3 0.666667 17.200000
110 0 0.000000 100.000000
111 127 0.821516 0.000000
112 58 0.861240 0.000000
113 0 0.000000 100.000000
114 2 0.346354 75.400000
115 0 0.000000 100.000000
116 0 0.000000 100.000000
117 0 0.000000 100.000000
118 4 0.476481 58.600000
119 0 0.000000 100.000000
120 27 0.820999 0.000000
121 0 0.000000 100.000000
122 3 0.357681 81.000000
123 0 0.000000 100.000000
124 2 0.822049 7.000000
125 1 0.613518 40.200000
126 11 0.283470 98.400000
127 2 0.877604 2.800000
128 1 0.785095 22.800000
129 0 0.000000 100.000000
130 0 0.000000 100.000000
131 0 0.000000 100.000000
132 7 0.710783 3.400000
133 3 0.402899 71.600000
134 113 0.823447 0.000000
135 41 0.895626 0.000000
136 243 0.806732 0.000000
137 28 0.787468 0.000000
138 0 0.000000 100.000000
139 1 0.535529 45.000000
140 0 0.000000 100.000000
141 0 0.000000 100.000000
142 68 0.775375 0.000000
143 0 0.000000 100.000000
144 0 0.000000 100.000000
145 0 0.000000 100.000000
146 17 0.927860 0.000000
147 0 0.000000 100.000000
148 18 0.709127 0.200000
149 6 0.693182 3.600000
150 5 0.635253 15.600000
151 0 0.000000 100.000000
152 3 0.936812 0.000000
153 0 0.000000 100.000000
154 0 0.000000 100.000000
155 0 0.000000 100.000000
156 0 0.000000 100.000000
157 0 0.000000 100.000000
158 0 0.000000 100.000000
159 0 0.000000 100.000000
160 0 0.000000 100.000000
161 0 0.000000 100.000000
162 0 0.000000 100.000000
163 0 0.000000 100.000000
164 0 0.000000 100.000000
165 0 0.000000 100.000000
166 0 0.000000 100.000000
167 0 0.000000 100.000000
168 99 0.774762 0.000000
169 9 0.513962 45.800000
170 52 0.781734 0.000000
171 30 0.872749 0.000000
172 2 0.292535 84.400000
173 4 0.536150 39.800000
174 0 0.000000 100.000000
175 14 0.762285 0.200000
176 101 0.875272 0.000000
177 0 0.000000 100.000000
178 69 0.776202 0.000000
179 77 0.836120 0.000000
180 132 0.779929 0.000000
181 76 0.870439 0.000000
182 17 0.835797 0.000000
183 259 0.831060 0.000000
184 0 0.000000 100.000000
185 0 0.000000 100.000000
186 0 0.000000 100.000000
187 11 0.638448 5.600000
188 0 0.000000 100.000000
189 0 0.000000 100.000000
190 0 0.000000 100.000000
191 0 0.000000 100.000000
192 0 0.000000 100.000000
193 0 0.000000 100.000000
194 0 0.000000 100.000000
195 1 0.970537 2.800000
196 2 0.317708 81.600000
197 1 0.348354 69.200000
198 0 0.000000 100.000000
199 3 0.624348 23.400000
200 0 0.000000 100.000000
201 0 0.000000 100.000000
202 0 0.000000 100.000000
203 1 0.071057 90.200000
204 0 0.000000 100.000000
205 0 0.000000 100.000000
206 0 0.000000 100.000000
207 0 0.000000 100.000000
208 3 0.607536 26.400000
209 0 0.000000 100.000000
210 13 0.816201 0.000000
211 0 0.000000 100.000000
212 0 0.000000 100.000000
213 17 0.777184 0.000000
214 0 0.000000 100.000000
215 0 0.000000 100.000000
216 0 0.000000 100.000000
217 0 0.000000 100.000000
218 0 0.000000 100.000000
219 0 0.000000 100.000000
220 0 0.000000 100.000000
221 0 0.000000 100.000000
222 0 0.000000 100.000000
223 2 0.548611 39.800000
224 0 0.000000 100.000000
225 0 0.000000 100.000000
226 0 0.000000 100.000000
227 0 0.000000 100.000000
228 0 0.000000 100.000000
229 0 0.000000 100.000000
230 1 0.393414 61.600000
231 0 0.000000 100.000000
232 0 0.000000 100.000000
233 0 0.000000 100.000000
234 1 0.615251 40.400000
235 0 0.000000 100.000000
236 4 0.999129 0.000000
237 4 0.689895 11.200000
238 2 0.804688 6.200000
239 0 0.000000 100.000000
240 0 0.000000 100.000000
241 0 0.000000 100.000000
242 0 0.000000 100.000000
243 0 0.000000 100.000000
244 3 0.458551 59.200000
245 15 0.873771 0.000000
246 0 0.000000 100.000000
247 0 0.000000 100.000000
248 0 0.000000 100.000000
249 0 0.000000 100.000000
250 0 0.000000 100.000000
251 0 0.000000 100.000000
252 0 0.000000 100.000000
253 0 0.000000 100.000000
254 0 0.000000 100.000000
255 0 0.000000 100.000000
256 0 0.000000 100.000000
257 0 0.000000 100.000000
258 0 0.000000 100.000000
259 0 0.000000 100.000000
260 0 0.000000 100.000000
261 0 0.000000 100.000000
262 0 0.000000 100.000000
263 0 0.000000 100.000000
264 0 0.000000 100.000000
265 0 0.000000 100.000000
266 0 0.000000 100.000000
267 0 0.000000 100.000000
268 0 0.000000 100.000000
269 0 0.000000 100.000000
270 0 0.000000 100.000000
271 0 0.000000 100.000000
272 0 0.000000 100.000000
273 486 0.900675 0.000000
274 463 0.786083 0.000000
275 12 0.715253 0.800000
276 0 0.000000 100.000000
277 21 0.831923 0.000000
278 366 0.771317 0.000000
279 43 0.798826 0.000000
280 25 0.800651 0.000000
281 18 0.824504 0.000000
282 10 0.788380 0.000000
283 7 0.648987 8.800000
284 0 0.000000 100.000000
285 0 0.000000 100.000000
286 355 0.777578 0.000000
287 7 0.447336 66.600000
288 0 0.000000 100.000000
289 0 0.000000 100.000000
290 5 0.412216 71.800000
291 0 0.000000 100.000000
292 0 0.000000 100.000000
293 15 0.572528 14.400000
294 578 0.000000 100.000000
295 6 0.277972 97.200000
296 5 0.470506 55.200000
297 5 0.363351 84.600000
298 0 0.000000 100.000000
299 402 0.752700 0.000000
300 251 0.743460 0.000000
301 556 0.790958 0.000000
302 89 0.800097 0.000000
303 0 0.000000 100.000000
304 114 0.725423 0.000000
305 2 0.382812 69.000000
306 567 0.849768 0.000000
307 0 0.000000 100.000000
308 0 0.000000 100.000000
309 0 0.000000 100.000000
310 0 0.000000 100.000000
311 0 0.000000 100.000000
312 0 0.000000 100.000000
313 0 0.000000 100.000000
314 0 0.000000 100.000000
315 0 0.000000 100.000000
316 0 0.000000 100.000000
317 0 0.000000 100.000000
318 0 0.000000 100.000000
0 0 0.000000 0.000000
