0 366 0.756405 0.000000
1 390 0.809875 0.000000
2 216 0.809981 0.000000
3 81 0.874606 0.000000
4 124 0.819170 0.000000
5 16 0.420930 86.600000
6 0 0.000000 100.000000
7 16 0.394462 93.000000
8 8 0.827193 0.000000
9 0 0.000000 100.000000
10 0 0.000000 100.000000
11 147 0.816721 0.000000
12 42 0.685812 0.000000
13 107 0.764926 0.000000
14 43 0.856944 0.000000
15 63 0.688858 0.000000
16 16 0.652580 2.600000
17 160 0.802946 0.000000
18 5 0.683072 9.400000
19 7 0.693270 4.600000
20 11 0.773609 0.200000
21 0 0.000000 100.000000
22 179 0.772280 0.000000
23 25 0.819602 0.000000
24 31 0.779796 0.000000
25 108 0.796060 0.000000
26 3 0.326957 85.200000
27 15 0.839787 0.000000
28 5 0.568237 27.800000
29 8 0.545833 32.800000
30 0 0.000000 100.000000
31 5 0.700175 5.000000
32 13 0.872430 0.000000
33 0 0.000000 100.000000
34 5 0.457941 63.000000
35 0 0.000000 100.000000
36 12 0.458333 72.800000
37 7 0.625969 13.000000
38 3 0.462029 55.400000
39 26 0.749164 0.000000
40 22 0.840010 0.000000
41 0 0.000000 100.000000
42 0 0.000000 100.000000
43 0 0.000000 100.000000
44 0 0.000000 100.000000
45 0 0.000000 100.000000
46 0 0.000000 100.000000
47 1 0.455806 53.800000
48 88 0.876925 0.000000
49 0 0.000000 100.000000
50 0 0.000000 100.000000
51 5 0.677487 7.800000
52 0 0.000000 100.000000
53 1 0.686308 30.600000
54 2 0.428819 64.400000
55 25 0.817939 0.000000
56 0 0.000000 100.000000
57 1 0.419411 53.200000
58 0 0.000000 100.000000
59 0 0.000000 100.000000
60 0 0.000000 100.000000
61 0 0.000000 100.000000
62 31 0.802736 0.000000
63 0 0.000000 100.000000
64 16 0.684497 0.400000
65 16 0.692838 1.000000
66 0 0.000000 100.000000
67 4 0.782666 2.000000
68 0 0.000000 100.000000
69 1 0.161179 85.000000
70 0 0.000000 100.000000
71 8 0.636404 8.200000
72 0 0.000000 100.000000
73 14 0.591819 11.000000
74 0 0.000000 100.000000
75 4 0.640679 16.400000
76 0 0.000000 100.000000
77 1 0.162912 84.000000
78 0 0.000000 100.000000
79 0 0.000000 100.000000
80 0 0.000000 100.000000
81 0 0.000000 100.000000
82 0 0.000000 100.000000
83 99 0.777461 0.000000
84 69 0.773497 0.000000
85 104 0.904779 0.000000
86 0 0.000000 100.000000
87 374 0.795533 0.000000
88 0 0.000000 100.000000
89 3 0.375652 78.400000
90 0 0.000000 100.000000
91 0 0.000000 100.000000
92 0 0.000000 100.000000
93 0 0.000000 100.000000
94 0 0.000000 100.000000
95 0 0.000000 100.000000
96 0 0.000000 100.000000
97 73 0.805941 0.000000
98 1 0.611785 38.000000
99 12 0.659011 2.600000
100 60 0.820689 0.000000
101 66 0.759203 0.000000
102 4 0.483885 51.400000
103 0 0.000000 100.000000
104 0 0.000000 100.000000
105 0 0.000000 100.000000
106 0 0.000000 100.000000
107 0 0.000000 100.000000
108 5 0.499127 46.200000
109 2 0.079861 99.000000
110 0 0.000000 100.000000
111 135 0.792191 0.000000
112 50 0.913902 0.000000
113 0 0.000000 100.000000
114 1 0.325823 69.600000
115 0 0.000000 100.000000
116 2 0.692708 20.000000
117 0 0.000000 100.000000
118 3 0.989565 0.000000
119 1 0.580589 41.200000
120 23 0.855386 0.000000
121 0 0.000000 100.000000
122 0 0.000000 100.000000
123 0 0.000000 100.000000
124 7 0.668001 5.600000
125 0 0.000000 100.000000
126 8 0.279605 96.800000
127 3 0.556522 37.800000
128 2 0.674479 22.600000
129 0 0.000000 100.000000
130 0 0.000000 100.000000
131 0 0.000000 100.000000
132 7 0.489117 53.000000
133 2 0.217882 90.600000
134 102 0.731031 0.000000
135 37 0.880302 0.000000
136 235 0.820321 0.000000
137 28 0.737662 0.000000
138 2 0.109375 98.400000
139 1 0.415945 56.800000
140 0 0.000000 100.000000
141 0 0.000000 100.000000
142 82 0.784963 0.000000
143 0 0.000000 100.000000
144 0 0.000000 100.000000
145 0 0.000000 100.000000
146 18 0.879762 0.000000
147 0 0.000000 100.000000
148 18 0.909821 0.000000
149 8 0.619079 15.400000
150 12 0.679918 1.000000
151 0 0.000000 100.000000
152 6 0.571678 28.600000
153 0 0.000000 100.000000
154 0 0.000000 100.000000
155 0 0.000000 100.000000
156 0 0.000000 100.000000
157 0 0.000000 100.000000
158 0 0.000000 100.000000
159 0 0.000000 100.000000
160 0 0.000000 100.000000
161 0 0.000000 100.000000
162 0 0.000000 100.000000
163 0 0.000000 100.000000
164 0 0.000000 100.000000
165 0 0.000000 100.000000
166 0 0.000000 100.000000
167 0 0.000000 100.000000
168 86 0.767135 0.000000
169 11 0.656886 2.400000
170 51 0.762473 0.000000
171 18 0.824603 0.000000
172 5 0.281326 95.800000
173 4 0.332317 85.600000
174 1 0.876950 14.800000
175 18 0.872718 0.000000
176 99 0.865460 0.000000
177 0 0.000000 100.000000
178 93 0.846558 0.000000
179 63 0.789736 0.000000
180 111 0.804155 0.000000
181 73 0.929228 0.000000
182 20 0.829122 0.000000
183 253 0.800912 0.000000
184 0 0.000000 100.000000
185 0 0.000000 100.000000
186 0 0.000000 100.000000
187 11 0.616803 9.400000
188 0 0.000000 100.000000
189 0 0.000000 100.000000
190 0 0.000000 100.000000
191 0 0.000000 100.000000
192 0 0.000000 100.000000
193 0 0.000000 100.000000
194 0 0.000000 100.000000
195 1 0.547660 46.600000
196 1 0.183709 82.800000
197 4 0.627178 20.200000
198 1 0.287695 72.400000
199 2 0.362847 70.200000
200 3 0.481159 61.400000
201 0 0.000000 100.000000
202 0 0.000000 100.000000
203 1 0.201040 81.800000
204 0 0.000000 100.000000
205 0 0.000000 100.000000
206 0 0.000000 100.000000
207 0 0.000000 100.000000
208 2 0.129340 96.600000
209 2 0.484375 54.600000
210 18 0.826885 0.000000
211 0 0.000000 100.000000
212 0 0.000000 100.000000
213 23 0.719624 0.000000
214 0 0.000000 100.000000
215 0 0.000000 100.000000
216 0 0.000000 100.000000
217 0 0.000000 100.000000
218 0 0.000000 100.000000
219 0 0.000000 100.000000
220 0 0.000000 100.000000
221 0 0.000000 100.000000
222 0 0.000000 100.000000
223 3 0.372754 76.600000
224 0 0.000000 100.000000
225 0 0.000000 100.000000
226 0 0.000000 100.000000
227 0 0.000000 100.000000
228 0 0.000000 100.000000
229 0 0.000000 100.000000
230 0 0.000000 100.000000
231 0 0.000000 100.000000
232 0 0.000000 100.000000
233 0 0.000000 100.000000
234 0 0.000000 100.000000
235 0 0.000000 100.000000
236 3 0.560580 38.000000
237 4 0.736934 5.000000
238 4 0.690767 11.400000
239 0 0.000000 100.000000
240 0 0.000000 100.000000
241 0 0.000000 100.000000
242 0 0.000000 100.000000
243 0 0.000000 100.000000
244 3 0.742029 8.600000
245 17 0.765125 0.000000
246 0 0.000000 100.000000
247 0 0.000000 100.000000
248 0 0.000000 100.000000
249 0 0.000000 100.000000
250 0 0.000000 100.000000
251 0 0.000000 100.000000
252 0 0.000000 100.000000
253 0 0.000000 100.000000
254 0 0.000000 100.000000
255 0 0.000000 100.000000
256 0 0.000000 100.000000
257 0 0.000000 100.000000
258 0 0.000000 100.000000
259 0 0.000000 100.000000
260 0 0.000000 100.000000
261 0 0.000000 100.000000
262 0 0.000000 100.000000
263 0 0.000000 100.000000
264 0 0.000000 100.000000
265 0 0.000000 100.000000
266 0 0.000000 100.000000
267 0 0.000000 100.000000
268 0 0.000000 100.000000
269 0 0.000000 100.000000
270 0 0.000000 100.000000
271 0 0.000000 100.000000
272 0 0.000000 100.000000
273 483 0.885257 0.000000
274 438 0.798516 0.000000
275 10 0.371655 90.600000
276 0 0.000000 100.000000
277 25 0.777215 0.000000
278 352 0.807560 0.000000
279 41 0.835990 0.000000
280 21 0.878601 0.000000
281 15 0.879455 0.000000
282 12 0.685512 0.600000
283 1 0.081456 92.200000
284 0 0.000000 100.000000
285 0 0.000000 100.000000
286 360 0.760487 0.000000
287 5 0.665969 9.800000
288 0 0.000000 100.000000
289 0 0.000000 100.000000
290 4 0.514373 48.800000
291 0 0.000000 100.000000
292 0 0.000000 100.000000
293 5 0.764398 2.800000
294 578 0.000000 100.000000
295 5 0.457243 62.000000
296 4 0.391986 78.400000
297 5 0.678534 8.800000
298 0 0.000000 100.000000
299 412 0.780471 0.000000
300 227 0.770436 0.000000
301 545 0.807562 0.000000
302 83 0.800146 0.000000
303 0 0.000000 100.000000
304 126 0.739798 0.000000
305 3 0.522319 44.400000
306 570 0.771053 0.800000
307 0 0.000000 100.000000
308 0 0.000000 100.000000
309 0 0.000000 100.000000
310 0 0.000000 100.000000
311 0 0.000000 100.000000
312 0 0.000000 100.000000
313 0 0.000000 100.000000
314 0 0.000000 100.000000
315 0 0.000000 100.000000
316 0 0.000000 100.000000
317 0 0.000000 100.000000
318 0 0.000000 100.000000
0 0 0.000000 0.000000
