0 368 0.766964 0.000000
1 399 0.803587 0.000000
2 236 0.830484 0.000000
3 87 0.807196 0.000000
4 127 0.823367 0.000000
5 7 0.479360 59.600000
6 0 0.000000 100.000000
7 12 0.696849 0.800000
8 11 0.736091 1.200000
9 0 0.000000 100.000000
10 0 0.000000 100.000000
11 171 0.813138 0.000000
12 57 0.689868 0.000000
13 122 0.797976 0.000000
14 46 0.859309 0.000000
15 58 0.781532 0.000000
16 15 0.611368 6.000000
17 141 0.796047 0.000000
18 5 0.735777 3.200000
19 5 0.459686 63.600000
20 7 0.959970 0.000000
21 0 0.000000 100.000000
22 177 0.797920 0.000000
23 27 0.878941 0.000000
24 28 0.747273 0.000000
25 103 0.854839 0.000000
26 1 0.289428 72.800000
27 17 0.835588 0.000000
28 1 0.824957 17.800000
29 7 0.480360 57.200000
30 0 0.000000 100.000000
31 6 0.533508 39.000000
32 12 0.754122 0.200000
33 0 0.000000 100.000000
34 3 0.530435 43.600000
35 0 0.000000 100.000000
36 12 0.652827 2.800000
37 5 0.485515 58.000000
38 2 0.690972 18.000000
39 36 0.746925 0.000000
40 38 0.708090 0.000000
41 0 0.000000 100.000000
42 0 0.000000 100.000000
43 0 0.000000 100.000000
44 0 0.000000 100.000000
45 0 0.000000 100.000000
46 0 0.000000 100.000000
47 1 0.232236 79.400000
48 93 0.823789 0.000000
49 0 0.000000 100.000000
50 0 0.000000 100.000000
51 4 0.575784 33.800000
52 0 0.000000 100.000000
53 0 0.000000 100.000000
54 4 0.528310 43.400000
55 41 0.864605 0.000000
56 7 0.464098 63.000000
57 0 0.000000 100.000000
58 0 0.000000 100.000000
59 0 0.000000 100.000000
60 0 0.000000 100.000000
61 1 0.714038 29.400000
62 51 0.796815 0.000000
63 0 0.000000 100.000000
64 13 0.548809 29.800000
65 13 0.549081 27.600000
66 0 0.000000 100.000000
67 1 0.731369 25.000000
68 0 0.000000 100.000000
69 0 0.000000 100.000000
70 0 0.000000 100.000000
71 9 0.385667 90.200000
72 1 0.457539 54.400000
73 14 0.808637 0.000000
74 0 0.000000 100.000000
75 5 0.673997 8.600000
76 0 0.000000 100.000000
77 2 0.401042 72.400000
78 0 0.000000 100.000000
79 0 0.000000 100.000000
80 0 0.000000 100.000000
81 0 0.000000 100.000000
82 0 0.000000 100.000000
83 104 0.754950 0.000000
84 74 0.679885 0.000000
85 103 0.870434 0.000000
86 0 0.000000 100.000000
87 364 0.784251 0.000000
88 0 0.000000 100.000000
89 2 0.403646 67.800000
90 1 0.561525 44.000000
91 0 0.000000 100.000000
92 0 0.000000 100.000000
93 0 0.000000 100.000000
94 0 0.000000 100.000000
95 0 0.000000 100.000000
96 0 0.000000 100.000000
97 80 0.842445 0.000000
98 1 0.008666 99.200000
99 13 0.749353 0.000000
100 67 0.877968 0.000000
101 73 0.834721 0.000000
102 4 0.603223 23.400000
103 0 0.000000 100.000000
104 0 0.000000 100.000000
105 0 0.000000 100.000000
106 0 0.000000 100.000000
107 0 0.000000 100.000000
108 9 0.866042 0.000000
109 5 0.262478 96.800000
110 0 0.000000 100.000000
111 125 0.778472 0.000000
112 55 0.897653 0.000000
113 0 0.000000 100.000000
114 4 0.636324 20.200000
115 0 0.000000 100.000000
116 1 0.956672 3.400000
117 0 0.000000 100.000000
118 4 0.776568 2.800000
119 1 0.365685 65.000000
120 24 0.841531 0.000000
121 0 0.000000 100.000000
122 2 0.644965 21.400000
123 0 0.000000 100.000000
124 5 0.641187 16.200000
125 0 0.000000 100.000000
126 6 0.856352 0.000000
127 7 0.691769 3.200000
128 6 0.673660 6.800000
129 0 0.000000 100.000000
130 0 0.000000 100.000000
131 1 0.129983 84.600000
132 5 0.817452 1.000000
133 2 0.534722 39.800000
134 98 0.737989 0.000000
135 43 0.879504 0.000000
136 234 0.799108 0.000000
137 21 0.740874 0.000000
138 2 0.059028 99.800000
139 0 0.000000 100.000000
140 0 0.000000 100.000000
141 0 0.000000 100.000000
142 72 0.800889 0.000000
143 0 0.000000 100.000000
144 0 0.000000 100.000000
145 0 0.000000 100.000000
146 11 0.713163 2.000000
147 0 0.000000 100.000000
148 23 0.754172 0.000000
149 8 0.554386 30.200000
150 11 0.609267 10.200000
151 0 0.000000 100.000000
152 4 0.659408 12.800000
153 0 0.000000 100.000000
154 0 0.000000 100.000000
155 0 0.000000 100.000000
156 0 0.000000 100.000000
157 0 0.000000 100.000000
158 0 0.000000 100.000000
159 0 0.000000 100.000000
160 0 0.000000 100.000000
161 0 0.000000 100.000000
162 0 0.000000 100.000000
163 0 0.000000 100.000000
164 0 0.000000 100.000000
165 0 0.000000 100.000000
166 0 0.000000 100.000000
167 0 0.000000 100.000000
168 111 0.791732 0.000000
169 13 0.573587 19.800000
170 47 0.782185 0.000000
171 17 0.887596 0.000000
172 4 0.449913 65.000000
173 3 0.398841 71.200000
174 2 0.934028 0.600000
175 17 0.860229 0.000000
176 91 0.848726 0.000000
177 0 0.000000 100.000000
178 70 0.787233 0.000000
179 71 0.806262 0.000000
180 133 0.775061 0.000000
181 82 0.845840 0.000000
182 18 0.778968 0.000000
183 257 0.772501 0.000000
184 0 0.000000 100.000000
185 0 0.000000 100.000000
186 0 0.000000 100.000000
187 12 0.685218 1.200000
188 0 0.000000 100.000000
189 0 0.000000 100.000000
190 0 0.000000 100.000000
191 0 0.000000 100.000000
192 0 0.000000 100.000000
193 0 0.000000 100.000000
194 0 0.000000 100.000000
195 0 0.000000 100.000000
196 0 0.000000 100.000000
197 1 0.693241 29.000000
198 0 0.000000 100.000000
199 2 0.434028 60.400000
200 4 0.291812 90.200000
201 0 0.000000 100.000000
202 0 0.000000 100.000000
203 0 0.000000 100.000000
204 0 0.000000 100.000000
205 0 0.000000 100.000000
206 1 0.786828 22.800000
207 0 0.000000 100.000000
208 5 0.364398 82.200000
209 1 0.379549 62.600000
210 19 0.804632 0.000000
211 1 0.752166 22.400000
212 0 0.000000 100.000000
213 26 0.764771 0.000000
214 0 0.000000 100.000000
215 0 0.000000 100.000000
216 0 0.000000 100.000000
217 0 0.000000 100.000000
218 0 0.000000 100.000000
219 0 0.000000 100.000000
220 0 0.000000 100.000000
221 0 0.000000 100.000000
222 0 0.000000 100.000000
223 2 0.486111 50.800000
224 0 0.000000 100.000000
225 1 0.790295 21.000000
226 0 0.000000 100.000000
227 0 0.000000 100.000000
228 0 0.000000 100.000000
229 0 0.000000 100.000000
230 0 0.000000 100.000000
231 0 0.000000 100.000000
232 0 0.000000 100.000000
233 0 0.000000 100.000000
234 0 0.000000 100.000000
235 0 0.000000 100.000000
236 1 0.471404 54.600000
237 2 0.426215 62.400000
238 0 0.000000 100.000000
239 0 0.000000 100.000000
240 0 0.000000 100.000000
241 0 0.000000 100.000000
242 0 0.000000 100.000000
243 0 0.000000 100.000000
244 1 0.393414 57.600000
245 5 0.923909 0.000000
246 0 0.000000 100.000000
247 0 0.000000 100.000000
248 0 0.000000 100.000000
249 0 0.000000 100.000000
250 0 0.000000 100.000000
251 0 0.000000 100.000000
252 0 0.000000 100.000000
253 0 0.000000 100.000000
254 0 0.000000 100.000000
255 0 0.000000 100.000000
256 0 0.000000 100.000000
257 0 0.000000 100.000000
258 0 0.000000 100.000000
259 0 0.000000 100.000000
260 0 0.000000 100.000000
261 0 0.000000 100.000000
262 0 0.000000 100.000000
263 0 0.000000 100.000000
264 1 0.415945 63.000000
265 0 0.000000 100.000000
266 0 0.000000 100.000000
267 0 0.000000 100.000000
268 0 0.000000 100.000000
269 0 0.000000 100.000000
270 0 0.000000 100.000000
271 0 0.000000 100.000000
272 0 0.000000 100.000000
273 473 0.818725 0.000000
274 446 0.774324 0.000000
275 11 0.615681 10.600000
276 0 0.000000 100.000000
277 32 0.745250 0.000000
278 355 0.757784 0.000000
279 58 0.887168 0.000000
280 27 0.769241 0.000000
281 28 0.860455 0.000000
282 13 0.856637 0.000000
283 10 0.670951 1.400000
284 0 0.000000 100.000000
285 0 0.000000 100.000000
286 354 0.745523 0.000000
287 4 0.844948 1.000000
288 0 0.000000 100.000000
289 0 0.000000 100.000000
290 1 0.876950 11.000000
291 0 0.000000 100.000000
292 0 0.000000 100.000000
293 7 0.727295 2.800000
294 577 0.934142 5.400000
295 6 0.699883 4.600000
296 5 0.639442 15.200000
297 5 0.864223 0.200000
298 0 0.000000 100.000000
299 425 0.801738 0.000000
300 257 0.765604 0.000000
301 548 0.803528 0.000000
302 93 0.752843 0.000000
303 0 0.000000 100.000000
304 126 0.732318 0.000000
305 1 0.181976 81.200000
306 567 0.675164 2.200000
307 0 0.000000 100.000000
308 0 0.000000 100.000000
309 0 0.000000 100.000000
310 0 0.000000 100.000000
311 0 0.000000 100.000000
312 0 0.000000 100.000000
313 0 0.000000 100.000000
314 0 0.000000 100.000000
315 0 0.000000 100.000000
316 0 0.000000 100.000000
317 0 0.000000 100.000000
318 0 0.000000 100.000000
0 0 0.000000 0.000000
