0 379 0.780764 0.000000
1 409 0.780168 0.000000
2 218 0.826007 0.000000
3 87 0.806588 0.000000
4 111 0.785308 0.000000
5 9 0.767819 0.200000
6 0 0.000000 100.000000
7 12 0.541078 27.800000
8 15 0.808407 0.000000
9 1 0.455806 52.000000
10 0 0.000000 100.000000
11 143 0.770726 0.000000
12 39 0.682508 0.000000
13 100 0.769456 0.000000
14 46 0.773374 0.000000
15 54 0.829905 0.000000
16 12 0.618522 8.600000
17 176 0.799539 0.000000
18 8 0.532018 40.200000
19 3 0.495072 52.800000
20 3 0.834203 4.000000
21 0 0.000000 100.000000
22 190 0.777021 0.000000
23 27 0.743161 0.000000
24 33 0.719044 0.000000
25 118 0.815567 0.000000
26 2 0.561632 39.800000
27 17 0.912132 0.000000
28 0 0.000000 100.000000
29 5 0.475393 54.200000
30 0 0.000000 100.000000
31 5 0.556370 31.000000
32 22 0.755069 0.000000
33 0 0.000000 100.000000
34 5 0.594415 25.000000
35 0 0.000000 100.000000
36 4 0.536150 38.400000
37 3 0.522319 43.200000
38 0 0.000000 100.000000
39 24 0.857626 0.000000
40 22 0.681328 0.600000
41 0 0.000000 100.000000
42 1 0.192374 80.600000
43 1 0.426343 56.000000
44 0 0.000000 100.000000
45 0 0.000000 100.000000
46 0 0.000000 100.000000
47 4 0.406794 70.000000
48 85 0.781530 0.000000
49 0 0.000000 100.000000
50 0 0.000000 100.000000
51 9 0.786370 0.200000
52 0 0.000000 100.000000
53 3 0.338551 82.000000
54 4 0.645470 14.400000
55 33 0.867612 0.000000
56 3 0.511884 48.000000
57 1 0.535529 46.800000
58 1 0.135182 87.600000
59 0 0.000000 100.000000
60 0 0.000000 100.000000
61 1 0.024263 97.600000
62 42 0.810412 0.000000
63 1 0.084922 89.600000
64 15 0.709651 0.200000
65 16 0.709631 0.200000
66 0 0.000000 100.000000
67 1 0.634315 39.600000
68 0 0.000000 100.000000
69 1 0.202773 75.800000
70 0 0.000000 100.000000
71 11 0.589546 15.600000
72 0 0.000000 100.000000
73 9 0.612380 13.400000
74 1 0.689775 28.000000
75 3 0.680000 14.000000
76 0 0.000000 100.000000
77 1 0.036395 97.400000
78 0 0.000000 100.000000
79 0 0.000000 100.000000
80 0 0.000000 100.000000
81 0 0.000000 100.000000
82 0 0.000000 100.000000
83 115 0.754982 0.000000
84 77 0.753947 0.000000
85 114 0.855792 0.000000
86 0 0.000000 100.000000
87 389 0.767563 0.000000
88 0 0.000000 100.000000
89 4 0.571429 30.000000
90 0 0.000000 100.000000
91 0 0.000000 100.000000
92 0 0.000000 100.000000
93 0 0.000000 100.000000
94 0 0.000000 100.000000
95 0 0.000000 100.000000
96 0 0.000000 100.000000
97 62 0.795480 0.000000
98 0 0.000000 100.000000
99 14 0.662107 2.200000
100 49 0.766869 0.000000
101 64 0.786357 0.000000
102 1 0.989601 0.600000
103 0 0.000000 100.000000
104 0 0.000000 100.000000
105 0 0.000000 100.000000
106 0 0.000000 100.000000
107 0 0.000000 100.000000
108 6 0.565851 29.400000
109 2 0.039931 99.800000
110 0 0.000000 100.000000
111 130 0.793372 0.000000
112 65 0.784166 0.000000
113 0 0.000000 100.000000
114 11 0.611833 9.000000
115 0 0.000000 100.000000
116 0 0.000000 100.000000
117 0 0.000000 100.000000
118 3 0.670725 15.000000
119 0 0.000000 100.000000
120 22 0.823823 0.000000
121 0 0.000000 100.000000
122 4 0.535061 39.200000
123 0 0.000000 100.000000
124 9 0.735403 0.600000
125 0 0.000000 100.000000
126 5 0.163351 99.000000
127 5 0.937871 0.000000
128 3 0.757681 4.200000
129 0 0.000000 100.000000
130 0 0.000000 100.000000
131 0 0.000000 100.000000
132 7 0.622217 13.000000
133 3 0.485797 54.200000
134 93 0.741049 0.000000
135 39 0.828790 0.000000
136 235 0.803548 0.000000
137 28 0.766623 0.000000
138 0 0.000000 100.000000
139 0 0.000000 100.000000
140 0 0.000000 100.000000
141 0 0.000000 100.000000
142 77 0.767011 0.000000
143 0 0.000000 100.000000
144 0 0.000000 100.000000
145 0 0.000000 100.000000
146 10 0.894542 0.000000
147 0 0.000000 100.000000
148 15 0.775133 0.000000
149 5 0.397557 76.400000
150 9 0.581332 17.200000
151 0 0.000000 100.000000
152 4 0.617160 24.400000
153 0 0.000000 100.000000
154 0 0.000000 100.000000
155 0 0.000000 100.000000
156 0 0.000000 100.000000
157 0 0.000000 100.000000
158 0 0.000000 100.000000
159 0 0.000000 100.000000
160 0 0.000000 100.000000
161 0 0.000000 100.000000
162 0 0.000000 100.000000
163 0 0.000000 100.000000
164 1 0.544194 47.600000
165 0 0.000000 100.000000
166 0 0.000000 100.000000
167 0 0.000000 100.000000
168 98 0.729741 0.000000
169 11 0.605419 12.600000
170 50 0.824015 0.000000
171 23 0.821387 0.000000
172 6 0.358100 89.200000
173 2 0.413194 66.400000
174 0 0.000000 100.000000
175 15 0.941978 0.000000
176 111 0.878870 0.000000
177 0 0.000000 100.000000
178 71 0.835597 0.000000
179 72 0.765920 0.000000
180 117 0.786306 0.000000
181 82 0.888547 0.000000
182 15 0.702309 0.000000
183 255 0.811158 0.000000
184 0 0.000000 100.000000
185 0 0.000000 100.000000
186 0 0.000000 100.000000
187 7 0.677258 5.200000
188 0 0.000000 100.000000
189 0 0.000000 100.000000
190 0 0.000000 100.000000
191 0 0.000000 100.000000
192 0 0.000000 100.000000
193 0 0.000000 100.000000
194 0 0.000000 100.000000
195 0 0.000000 100.000000
196 0 0.000000 100.000000
197 2 0.430556 63.200000
198 0 0.000000 100.000000
199 3 0.251594 93.400000
200 2 0.612847 32.000000
201 0 0.000000 100.000000
202 0 0.000000 100.000000
203 1 0.102253 91.600000
204 0 0.000000 100.000000
205 0 0.000000 100.000000
206 0 0.000000 100.000000
207 0 0.000000 100.000000
208 3 0.644638 19.000000
209 1 0.369151 62.600000
210 17 0.774143 0.000000
211 1 0.818024 16.600000
212 0 0.000000 100.000000
213 27 0.813134 0.000000
214 0 0.000000 100.000000
215 0 0.000000 100.000000
216 0 0.000000 100.000000
217 0 0.000000 100.000000
218 0 0.000000 100.000000
219 0 0.000000 100.000000
220 0 0.000000 100.000000
221 0 0.000000 100.000000
222 0 0.000000 100.000000
223 1 0.733102 30.200000
224 0 0.000000 100.000000
225 1 0.953206 4.000000
226 0 0.000000 100.000000
227 0 0.000000 100.000000
228 0 0.000000 100.000000
229 0 0.000000 100.000000
230 0 0.000000 100.000000
231 0 0.000000 100.000000
232 0 0.000000 100.000000
233 0 0.000000 100.000000
234 0 0.000000 100.000000
235 0 0.000000 100.000000
236 2 0.571181 32.400000
237 2 0.813368 7.400000
238 2 0.868056 3.000000
239 0 0.000000 100.000000
240 0 0.000000 100.000000
241 0 0.000000 100.000000
242 0 0.000000 100.000000
243 0 0.000000 100.000000
244 2 0.427951 64.400000
245 9 0.997852 0.000000
246 0 0.000000 100.000000
247 0 0.000000 100.000000
248 0 0.000000 100.000000
249 0 0.000000 100.000000
250 0 0.000000 100.000000
251 0 0.000000 100.000000
252 0 0.000000 100.000000
253 0 0.000000 100.000000
254 0 0.000000 100.000000
255 0 0.000000 100.000000
256 0 0.000000 100.000000
257 0 0.000000 100.000000
258 0 0.000000 100.000000
259 0 0.000000 100.000000
260 0 0.000000 100.000000
261 0 0.000000 100.000000
262 0 0.000000 100.000000
263 0 0.000000 100.000000
264 0 0.000000 100.000000
265 0 0.000000 100.000000
266 0 0.000000 100.000000
267 0 0.000000 100.000000
268 0 0.000000 100.000000
269 0 0.000000 100.000000
270 0 0.000000 100.000000
271 0 0.000000 100.000000
272 0 0.000000 100.000000
273 482 0.891057 0.000000
274 450 0.814931 0.000000
275 10 0.592077 13.800000
276 0 0.000000 100.000000
277 15 0.653996 1.800000
278 345 0.748597 0.000000
279 34 0.833802 0.000000
280 20 0.786918 0.000000
281 20 0.856900 0.000000
282 12 0.839075 0.000000
283 4 0.431185 68.800000
284 0 0.000000 100.000000
285 0 0.000000 100.000000
286 368 0.734718 0.000000
287 7 0.584689 19.800000
288 0 0.000000 100.000000
289 0 0.000000 100.000000
290 2 0.881076 3.400000
291 0 0.000000 100.000000
292 0 0.000000 100.000000
293 9 0.755712 0.600000
294 577 0.953206 5.800000
295 5 0.734031 2.200000
296 5 0.540663 34.400000
297 5 0.528447 43.400000
298 0 0.000000 100.000000
299 421 0.798569 0.000000
300 239 0.751879 0.000000
301 553 0.718698 0.000000
302 80 0.753062 0.000000
303 0 0.000000 100.000000
304 114 0.678804 0.000000
305 4 0.582317 28.600000
306 571 0.809357 0.200000
307 0 0.000000 100.000000
308 0 0.000000 100.000000
309 0 0.000000 100.000000
310 0 0.000000 100.000000
311 0 0.000000 100.000000
312 0 0.000000 100.000000
313 0 0.000000 100.000000
314 0 0.000000 100.000000
315 0 0.000000 100.000000
316 0 0.000000 100.000000
317 0 0.000000 100.000000
318 0 0.000000 100.000000
0 0 0.000000 0.000000
