0 365 0.764358 0.000000
1 409 0.747848 0.000000
2 239 0.836005 0.000000
3 90 0.801571 0.000000
4 124 0.810555 0.000000
5 9 0.898457 0.000000
6 0 0.000000 100.000000
7 15 0.579515 15.000000
8 11 0.831970 0.000000
9 0 0.000000 100.000000
10 0 0.000000 100.000000
11 159 0.815914 0.000000
12 46 0.705337 0.000000
13 115 0.791060 0.000000
14 50 0.819773 0.000000
15 62 0.777163 0.000000
16 16 0.532362 34.200000
17 174 0.784696 0.000000
18 8 0.638816 9.800000
19 6 0.593531 23.800000
20 5 0.434206 68.200000
21 0 0.000000 100.000000
22 189 0.798289 0.000000
23 21 0.805762 0.000000
24 25 0.636094 2.000000
25 126 0.804467 0.000000
26 4 0.423780 65.200000
27 20 0.694803 0.000000
28 1 0.948007 4.400000
29 5 0.779407 1.200000
30 0 0.000000 100.000000
31 5 0.575567 27.600000
32 16 0.852758 0.000000
33 0 0.000000 100.000000
34 7 0.462597 65.600000
35 1 0.977470 1.800000
36 11 0.520603 37.200000
37 6 0.527681 39.800000
38 0 0.000000 100.000000
39 25 0.842315 0.000000
40 36 0.821136 0.000000
41 0 0.000000 100.000000
42 0 0.000000 100.000000
43 1 0.417678 57.000000
44 0 0.000000 100.000000
45 0 0.000000 100.000000
46 0 0.000000 100.000000
47 0 0.000000 100.000000
48 87 0.824473 0.000000
49 0 0.000000 100.000000
50 0 0.000000 100.000000
51 4 0.648084 15.000000
52 0 0.000000 100.000000
53 1 0.454073 53.200000
54 3 0.241159 91.600000
55 35 0.844567 0.000000
56 4 0.329704 86.600000
57 1 0.046794 95.800000
58 2 0.078993 98.000000
59 1 0.000000 100.000000
60 0 0.000000 100.000000
61 1 0.767764 19.800000
62 45 0.825307 0.000000
63 1 0.651646 31.600000
64 13 0.730020 0.000000
65 14 0.684271 0.800000
66 0 0.000000 100.000000
67 3 0.446377 63.200000
68 0 0.000000 100.000000
69 0 0.000000 100.000000
70 0 0.000000 100.000000
71 10 0.455106 69.800000
72 0 0.000000 100.000000
73 14 0.625760 5.600000
74 0 0.000000 100.000000
75 3 0.502029 46.600000
76 0 0.000000 100.000000
77 1 0.173310 83.200000
78 0 0.000000 100.000000
79 0 0.000000 100.000000
80 0 0.000000 100.000000
81 0 0.000000 100.000000
82 0 0.000000 100.000000
83 96 0.773103 0.000000
84 65 0.746769 0.000000
85 96 0.884466 0.000000
86 0 0.000000 100.000000
87 366 0.791538 0.000000
88 0 0.000000 100.000000
89 0 0.000000 100.000000
90 0 0.000000 100.000000
91 0 0.000000 100.000000
92 0 0.000000 100.000000
93 0 0.000000 100.000000
94 0 0.000000 100.000000
95 0 0.000000 100.000000
96 0 0.000000 100.000000
97 75 0.814235 0.000000
98 2 0.542535 39.400000
99 22 0.754742 0.000000
100 53 0.834861 0.000000
101 65 0.833078 0.000000
102 5 0.566841 32.000000
103 0 0.000000 100.000000
104 0 0.000000 100.000000
105 0 0.000000 100.000000
106 0 0.000000 100.000000
107 0 0.000000 100.000000
108 4 0.774826 3.200000
109 1 0.154246 85.600000
110 0 0.000000 100.000000
111 115 0.776148 0.000000
112 47 0.889370 0.000000
113 0 0.000000 100.000000
114 8 0.703509 2.800000
115 1 0.850953 16.800000
116 0 0.000000 100.000000
117 0 0.000000 100.000000
118 4 0.380662 80.600000
119 0 0.000000 100.000000
120 28 0.812532 0.000000
121 0 0.000000 100.000000
122 1 0.634315 35.400000
123 1 0.185442 81.000000
124 4 0.623258 23.600000
125 1 0.105719 87.800000
126 6 0.808858 0.600000
127 4 0.858014 0.400000
128 2 0.408854 70.600000
129 0 0.000000 100.000000
130 0 0.000000 100.000000
131 0 0.000000 100.000000
132 12 0.545642 25.400000
133 3 0.435942 65.000000
134 91 0.661710 0.000000
135 33 0.786656 0.000000
136 233 0.781166 0.000000
137 26 0.612110 2.600000
138 1 0.734835 25.600000
139 2 0.332465 76.800000
140 0 0.000000 100.000000
141 0 0.000000 100.000000
142 76 0.802789 0.000000
143 0 0.000000 100.000000
144 0 0.000000 100.000000
145 0 0.000000 100.000000
146 10 0.983275 0.000000
147 0 0.000000 100.000000
148 17 0.740380 0.000000
149 5 0.884119 0.200000
150 7 0.804353 0.600000
151 0 0.000000 100.000000
152 4 0.576220 30.800000
153 0 0.000000 100.000000
154 0 0.000000 100.000000
155 0 0.000000 100.000000
156 0 0.000000 100.000000
157 0 0.000000 100.000000
158 0 0.000000 100.000000
159 0 0.000000 100.000000
160 0 0.000000 100.000000
161 0 0.000000 100.000000
162 0 0.000000 100.000000
163 0 0.000000 100.000000
164 1 0.045061 95.400000
165 0 0.000000 100.000000
166 0 0.000000 100.000000
167 0 0.000000 100.000000
168 84 0.759808 0.000000
169 8 0.664035 5.600000
170 52 0.752852 0.000000
171 29 0.757930 0.000000
172 6 0.700758 4.000000
173 3 0.446957 61.400000
174 0 0.000000 100.000000
175 21 0.758058 0.000000
176 94 0.885572 0.000000
177 0 0.000000 100.000000
178 89 0.800671 0.000000
179 81 0.785478 0.000000
180 141 0.775046 0.000000
181 65 0.899175 0.000000
182 20 0.653315 1.200000
183 278 0.810300 0.000000
184 0 0.000000 100.000000
185 0 0.000000 100.000000
186 0 0.000000 100.000000
187 9 0.619215 10.600000
188 0 0.000000 100.000000
189 0 0.000000 100.000000
190 0 0.000000 100.000000
191 0 0.000000 100.000000
192 0 0.000000 100.000000
193 0 0.000000 100.000000
194 0 0.000000 100.000000
195 1 0.384749 59.000000
196 2 0.444444 62.800000
197 0 0.000000 100.000000
198 0 0.000000 100.000000
199 2 0.268229 84.800000
200 1 0.374350 61.800000
201 0 0.000000 100.000000
202 0 0.000000 100.000000
203 1 0.031196 97.000000
204 0 0.000000 100.000000
205 0 0.000000 100.000000
206 1 0.102253 91.600000
207 0 0.000000 100.000000
208 2 0.175347 94.800000
209 1 0.710572 29.400000
210 17 0.765335 0.000000
211 0 0.000000 100.000000
212 0 0.000000 100.000000
213 23 0.744458 0.000000
214 0 0.000000 100.000000
215 0 0.000000 100.000000
216 0 0.000000 100.000000
217 0 0.000000 100.000000
218 0 0.000000 100.000000
219 0 0.000000 100.000000
220 0 0.000000 100.000000
221 0 0.000000 100.000000
222 0 0.000000 100.000000
223 0 0.000000 100.000000
224 0 0.000000 100.000000
225 0 0.000000 100.000000
226 0 0.000000 100.000000
227 0 0.000000 100.000000
228 0 0.000000 100.000000
229 0 0.000000 100.000000
230 0 0.000000 100.000000
231 0 0.000000 100.000000
232 0 0.000000 100.000000
233 0 0.000000 100.000000
234 0 0.000000 100.000000
235 0 0.000000 100.000000
236 0 0.000000 100.000000
237 0 0.000000 100.000000
238 1 0.665511 30.600000
239 0 0.000000 100.000000
240 0 0.000000 100.000000
241 0 0.000000 100.000000
242 0 0.000000 100.000000
243 0 0.000000 100.000000
244 1 0.974003 2.000000
245 4 0.864547 0.200000
246 0 0.000000 100.000000
247 0 0.000000 100.000000
248 0 0.000000 100.000000
249 0 0.000000 100.000000
250 0 0.000000 100.000000
251 0 0.000000 100.000000
252 0 0.000000 100.000000
253 0 0.000000 100.000000
254 0 0.000000 100.000000
255 0 0.000000 100.000000
256 0 0.000000 100.000000
257 0 0.000000 100.000000
258 0 0.000000 100.000000
259 0 0.000000 100.000000
260 0 0.000000 100.000000
261 0 0.000000 100.000000
262 0 0.000000 100.000000
263 0 0.000000 100.000000
264 0 0.000000 100.000000
265 0 0.000000 100.000000
266 0 0.000000 100.000000
267 0 0.000000 100.000000
268 0 0.000000 100.000000
269 0 0.000000 100.000000
270 0 0.000000 100.000000
271 0 0.000000 100.000000
272 0 0.000000 100.000000
273 487 0.839114 0.000000
274 453 0.816088 0.000000
275 14 0.686550 1.000000
276 0 0.000000 100.000000
277 28 0.782857 0.000000
278 353 0.791816 0.000000
279 52 0.798260 0.000000
280 30 0.834611 0.000000
281 26 0.860716 0.000000
282 17 0.926602 0.000000
283 4 0.199042 98.800000
284 0 0.000000 100.000000
285 0 0.000000 100.000000
286 345 0.759943 0.000000
287 6 0.569930 28.000000
288 0 0.000000 100.000000
289 0 0.000000 100.000000
290 0 0.000000 100.000000
291 0 0.000000 100.000000
292 0 0.000000 100.000000
293 7 0.713535 3.400000
294 578 0.000000 100.000000
295 9 0.499317 49.200000
296 7 0.481611 56.800000
297 8 0.585526 22.800000
298 0 0.000000 100.000000
299 408 0.772290 0.000000
300 247 0.700943 0.000000
301 550 0.735844 0.000000
302 93 0.756812 0.000000
303 0 0.000000 100.000000
304 124 0.793929 0.000000
305 3 0.392464 73.800000
306 574 0.565331 35.400000
307 0 0.000000 100.000000
308 0 0.000000 100.000000
309 0 0.000000 100.000000
310 0 0.000000 100.000000
311 0 0.000000 100.000000
312 0 0.000000 100.000000
313 0 0.000000 100.000000
314 0 0.000000 100.000000
315 0 0.000000 100.000000
316 0 0.000000 100.000000
317 0 0.000000 100.000000
318 0 0.000000 100.000000
0 0 0.000000 0.000000
