0 373 0.771477 0.000000
1 417 0.822855 0.000000
2 238 0.819464 0.000000
3 104 0.824529 0.000000
4 133 0.790927 0.000000
5 12 0.505889 49.000000
6 0 0.000000 100.000000
7 7 0.608707 19.000000
8 17 0.641397 1.600000
9 0 0.000000 100.000000
10 0 0.000000 100.000000
11 144 0.820997 0.000000
12 44 0.674115 0.200000
13 108 0.794346 0.000000
14 39 0.822035 0.000000
15 57 0.804155 0.000000
16 12 0.794022 0.000000
17 154 0.790615 0.000000
18 7 0.611959 15.800000
19 7 0.525644 45.400000
20 9 0.847100 0.000000
21 0 0.000000 100.000000
22 175 0.795775 0.000000
23 27 0.838072 0.000000
24 37 0.824549 0.000000
25 94 0.820710 0.000000
26 1 0.623917 40.000000
27 19 0.849261 0.000000
28 3 0.872464 0.400000
29 4 0.432491 66.000000
30 0 0.000000 100.000000
31 3 0.746667 6.400000
32 17 0.851211 0.000000
33 0 0.000000 100.000000
34 1 0.712305 28.400000
35 0 0.000000 100.000000
36 9 0.716852 0.600000
37 7 0.523643 44.000000
38 1 0.138648 87.000000
39 30 0.807968 0.000000
40 26 0.757246 0.000000
41 0 0.000000 100.000000
42 0 0.000000 100.000000
43 3 0.278841 91.000000
44 0 0.000000 100.000000
45 0 0.000000 100.000000
46 0 0.000000 100.000000
47 5 0.382548 83.000000
48 103 0.730158 0.000000
49 0 0.000000 100.000000
50 0 0.000000 100.000000
51 5 0.232112 98.000000
52 0 0.000000 100.000000
53 0 0.000000 100.000000
54 4 0.668990 14.000000
55 34 0.802606 0.000000
56 2 0.122396 96.600000
57 2 0.299479 80.600000
58 0 0.000000 100.000000
59 0 0.000000 100.000000
60 0 0.000000 100.000000
61 0 0.000000 100.000000
62 42 0.715574 0.000000
63 0 0.000000 100.000000
64 13 0.594010 11.800000
65 13 0.658271 2.400000
66 0 0.000000 100.000000
67 1 0.804159 19.200000
68 0 0.000000 100.000000
69 0 0.000000 100.000000
70 0 0.000000 100.000000
71 10 0.455458 68.400000
72 0 0.000000 100.000000
73 11 0.720859 0.800000
74 0 0.000000 100.000000
75 6 0.743298 2.200000
76 0 0.000000 100.000000
77 1 0.017331 98.000000
78 0 0.000000 100.000000
79 0 0.000000 100.000000
80 0 0.000000 100.000000
81 0 0.000000 100.000000
82 0 0.000000 100.000000
83 98 0.820536 0.000000
84 81 0.711528 0.000000
85 106 0.873461 0.000000
86 0 0.000000 100.000000
87 381 0.776263 0.000000
88 0 0.000000 100.000000
89 4 0.550958 38.600000
90 0 0.000000 100.000000
91 0 0.000000 100.000000
92 0 0.000000 100.000000
93 0 0.000000 100.000000
94 0 0.000000 100.000000
95 0 0.000000 100.000000
96 0 0.000000 100.000000
97 71 0.880796 0.000000
98 0 0.000000 100.000000
99 13 0.749489 0.000000
100 59 0.872440 0.000000
101 73 0.836973 0.000000
102 5 0.581152 26.800000
103 0 0.000000 100.000000
104 0 0.000000 100.000000
105 0 0.000000 100.000000
106 0 0.000000 100.000000
107 0 0.000000 100.000000
108 7 0.472354 61.400000
109 2 0.265625 86.400000
110 0 0.000000 100.000000
111 118 0.757535 0.000000
112 57 0.876957 0.000000
113 0 0.000000 100.000000
114 5 0.391972 80.000000
115 0 0.000000 100.000000
116 0 0.000000 100.000000
117 0 0.000000 100.000000
118 6 0.410548 78.400000
119 0 0.000000 100.000000
120 28 0.849091 0.000000
121 0 0.000000 100.000000
122 2 0.536458 40.600000
123 0 0.000000 100.000000
124 3 0.586667 29.800000
125 1 0.561525 43.800000
126 8 0.529386 40.800000
127 7 0.344008 91.600000
128 5 0.604887 25.400000
129 0 0.000000 100.000000
130 0 0.000000 100.000000
131 0 0.000000 100.000000
132 9 0.417106 82.400000
133 0 0.000000 100.000000
134 97 0.753649 0.000000
135 40 0.828113 0.000000
136 223 0.815916 0.000000
137 25 0.686510 0.000000
138 1 0.001733 99.800000
139 1 0.703640 30.200000
140 0 0.000000 100.000000
141 0 0.000000 100.000000
142 97 0.774053 0.000000
143 0 0.000000 100.000000
144 0 0.000000 100.000000
145 0 0.000000 100.000000
146 15 0.938425 0.000000
147 0 0.000000 100.000000
148 21 0.840557 0.000000
149 5 0.757417 2.400000
150 12 0.583628 15.600000
151 0 0.000000 100.000000
152 4 0.476481 53.600000
153 0 0.000000 100.000000
154 0 0.000000 100.000000
155 0 0.000000 100.000000
156 0 0.000000 100.000000
157 0 0.000000 100.000000
158 0 0.000000 100.000000
159 0 0.000000 100.000000
160 0 0.000000 100.000000
161 0 0.000000 100.000000
162 0 0.000000 100.000000
163 0 0.000000 100.000000
164 0 0.000000 100.000000
165 0 0.000000 100.000000
166 0 0.000000 100.000000
167 0 0.000000 100.000000
168 95 0.762101 0.000000
169 11 0.332371 97.400000
170 36 0.753793 0.000000
171 19 0.846813 0.000000
172 4 0.756533 3.400000
173 7 0.470103 62.600000
174 1 0.961872 5.400000
175 19 0.879107 0.000000
176 89 0.911146 0.000000
177 0 0.000000 100.000000
178 68 0.848501 0.000000
179 71 0.815485 0.000000
180 126 0.825695 0.000000
181 75 0.898025 0.000000
182 18 0.786310 0.000000
183 245 0.815628 0.000000
184 0 0.000000 100.000000
185 0 0.000000 100.000000
186 0 0.000000 100.000000
187 8 0.684211 2.600000
188 0 0.000000 100.000000
189 0 0.000000 100.000000
190 0 0.000000 100.000000
191 0 0.000000 100.000000
192 0 0.000000 100.000000
193 0 0.000000 100.000000
194 0 0.000000 100.000000
195 1 0.055459 95.400000
196 1 0.623917 36.400000
197 2 0.661458 24.600000
198 0 0.000000 100.000000
199 2 0.510417 51.800000
200 7 0.541656 32.400000
201 0 0.000000 100.000000
202 0 0.000000 100.000000
203 1 0.012132 98.600000
204 0 0.000000 100.000000
205 0 0.000000 100.000000
206 1 0.027730 96.400000
207 0 0.000000 100.000000
208 3 0.295072 86.000000
209 0 0.000000 100.000000
210 20 0.764158 0.000000
211 0 0.000000 100.000000
212 1 0.325823 67.400000
213 26 0.789367 0.000000
214 0 0.000000 100.000000
215 0 0.000000 100.000000
216 0 0.000000 100.000000
217 0 0.000000 100.000000
218 0 0.000000 100.000000
219 0 0.000000 100.000000
220 0 0.000000 100.000000
221 0 0.000000 100.000000
222 0 0.000000 100.000000
223 2 0.300347 83.200000
224 0 0.000000 100.000000
225 0 0.000000 100.000000
226 0 0.000000 100.000000
227 0 0.000000 100.000000
228 0 0.000000 100.000000
229 0 0.000000 100.000000
230 0 0.000000 100.000000
231 0 0.000000 100.000000
232 0 0.000000 100.000000
233 0 0.000000 100.000000
234 0 0.000000 100.000000
235 0 0.000000 100.000000
236 2 0.171007 93.000000
237 6 0.284382 95.400000
238 1 0.790295 20.000000
239 0 0.000000 100.000000
240 0 0.000000 100.000000
241 0 0.000000 100.000000
242 0 0.000000 100.000000
243 0 0.000000 100.000000
244 1 0.753899 23.000000
245 11 0.939875 0.000000
246 0 0.000000 100.000000
247 0 0.000000 100.000000
248 0 0.000000 100.000000
249 0 0.000000 100.000000
250 0 0.000000 100.000000
251 0 0.000000 100.000000
252 0 0.000000 100.000000
253 0 0.000000 100.000000
254 0 0.000000 100.000000
255 0 0.000000 100.000000
256 0 0.000000 100.000000
257 0 0.000000 100.000000
258 0 0.000000 100.000000
259 0 0.000000 100.000000
260 0 0.000000 100.000000
261 0 0.000000 100.000000
262 0 0.000000 100.000000
263 0 0.000000 100.000000
264 0 0.000000 100.000000
265 0 0.000000 100.000000
266 0 0.000000 100.000000
267 0 0.000000 100.000000
268 0 0.000000 100.000000
269 0 0.000000 100.000000
270 0 0.000000 100.000000
271 0 0.000000 100.000000
272 0 0.000000 100.000000
273 472 0.864827 0.000000
274 449 0.800021 0.000000
275 9 0.266940 98.800000
276 0 0.000000 100.000000
277 25 0.731356 0.000000
278 362 0.842887 0.000000
279 50 0.801894 0.000000
280 25 0.843400 0.000000
281 22 0.888080 0.000000
282 15 0.875192 0.000000
283 3 0.402899 70.600000
284 0 0.000000 100.000000
285 0 0.000000 100.000000
286 357 0.786709 0.000000
287 8 0.423465 76.600000
288 0 0.000000 100.000000
289 0 0.000000 100.000000
290 2 0.911458 2.200000
291 1 0.934142 7.600000
292 0 0.000000 100.000000
293 14 0.677558 0.400000
294 578 0.000000 100.000000
295 2 0.689236 22.000000
296 1 0.920277 8.600000
297 2 0.555556 42.400000
298 0 0.000000 100.000000
299 428 0.738458 0.000000
300 259 0.749289 0.000000
301 547 0.749307 0.000000
302 95 0.797123 0.000000
303 0 0.000000 100.000000
304 140 0.696021 0.000000
305 3 0.232464 95.200000
306 565 0.731654 0.600000
307 0 0.000000 100.000000
308 0 0.000000 100.000000
309 0 0.000000 100.000000
310 0 0.000000 100.000000
311 0 0.000000 100.000000
312 0 0.000000 100.000000
313 0 0.000000 100.000000
314 0 0.000000 100.000000
315 0 0.000000 100.000000
316 0 0.000000 100.000000
317 0 0.000000 100.000000
318 0 0.000000 100.000000
0 0 0.000000 0.000000
