0 358 0.762583 0.000000
1 379 0.773246 0.000000
2 220 0.806844 0.000000
3 75 0.802253 0.000000
4 118 0.778371 0.000000
5 9 0.792814 0.200000
6 0 0.000000 100.000000
7 13 0.653914 2.800000
8 13 0.393873 90.600000
9 1 0.093588 92.200000
10 0 0.000000 100.000000
11 153 0.783499 0.000000
12 47 0.717634 0.000000
13 104 0.798848 0.000000
14 45 0.851824 0.000000
15 58 0.735013 0.000000
16 16 0.617771 5.200000
17 169 0.761346 0.000000
18 4 0.594512 26.600000
19 7 0.629722 12.400000
20 4 0.994338 0.000000
21 0 0.000000 100.000000
22 173 0.832063 0.000000
23 24 0.829122 0.000000
24 34 0.837641 0.000000
25 102 0.857802 0.000000
26 2 0.892361 2.800000
27 16 0.800156 0.000000
28 2 0.766493 9.600000
29 3 0.417971 70.200000
30 0 0.000000 100.000000
31 3 0.421449 66.200000
32 16 0.739324 0.000000
33 0 0.000000 100.000000
34 4 0.654181 15.800000
35 3 0.344928 82.800000
36 12 0.674323 2.200000
37 7 0.511884 45.400000
38 1 0.150780 83.600000
39 33 0.883736 0.000000
40 28 0.697727 0.000000
41 0 0.000000 100.000000
42 0 0.000000 100.000000
43 1 0.374350 63.000000
44 0 0.000000 100.000000
45 0 0.000000 100.000000
46 0 0.000000 100.000000
47 2 0.440972 62.800000
48 84 0.784533 0.000000
49 0 0.000000 100.000000
50 0 0.000000 100.000000
51 6 0.643648 12.200000
52 0 0.000000 100.000000
53 0 0.000000 100.000000
54 3 0.270725 92.600000
55 25 0.797468 0.000000
56 3 0.486957 53.000000
57 0 0.000000 100.000000
58 1 0.960139 5.400000
59 0 0.000000 100.000000
60 0 0.000000 100.000000
61 2 0.569444 42.200000
62 33 0.765026 0.000000
63 0 0.000000 100.000000
64 14 0.720871 0.400000
65 14 0.662614 1.600000
66 0 0.000000 100.000000
67 0 0.000000 100.000000
68 0 0.000000 100.000000
69 1 0.114385 88.800000
70 0 0.000000 100.000000
71 10 0.503697 50.600000
72 1 0.305026 70.000000
73 14 0.591692 14.000000
74 0 0.000000 100.000000
75 3 0.790145 3.400000
76 0 0.000000 100.000000
77 1 0.017331 97.800000
78 0 0.000000 100.000000
79 0 0.000000 100.000000
80 0 0.000000 100.000000
81 0 0.000000 100.000000
82 0 0.000000 100.000000
83 95 0.744230 0.000000
84 70 0.710799 0.000000
85 104 0.847209 0.000000
86 0 0.000000 100.000000
87 372 0.804755 0.000000
88 0 0.000000 100.000000
89 2 0.249132 85.000000
90 0 0.000000 100.000000
91 0 0.000000 100.000000
92 0 0.000000 100.000000
93 0 0.000000 100.000000
94 0 0.000000 100.000000
95 0 0.000000 100.000000
96 0 0.000000 100.000000
97 50 0.800076 0.000000
98 0 0.000000 100.000000
99 9 0.822691 0.000000
100 41 0.776809 0.000000
101 65 0.769261 0.000000
102 3 0.814493 4.400000
103 0 0.000000 100.000000
104 0 0.000000 100.000000
105 0 0.000000 100.000000
106 0 0.000000 100.000000
107 0 0.000000 100.000000
108 9 0.519430 45.400000
109 3 0.478261 51.600000
110 0 0.000000 100.000000
111 132 0.791735 0.000000
112 62 0.849025 0.000000
113 0 0.000000 100.000000
114 7 0.435577 71.800000
115 0 0.000000 100.000000
116 0 0.000000 100.000000
117 0 0.000000 100.000000
118 1 0.996534 0.400000
119 0 0.000000 100.000000
120 28 0.780519 0.000000
121 0 0.000000 100.000000
122 0 0.000000 100.000000
123 0 0.000000 100.000000
124 5 0.646422 14.400000
125 1 0.261698 73.600000
126 6 0.493298 52.200000
127 1 1.000000 0.200000
128 2 0.973090 0.200000
129 0 0.000000 100.000000
130 0 0.000000 100.000000
131 0 0.000000 100.000000
132 7 0.449087 68.000000
133 2 0.655382 27.200000
134 95 0.754909 0.000000
135 35 0.870823 0.000000
136 212 0.811282 0.000000
137 21 0.823630 0.000000
138 0 0.000000 100.000000
139 0 0.000000 100.000000
140 0 0.000000 100.000000
141 0 0.000000 100.000000
142 71 0.733394 0.000000
143 0 0.000000 100.000000
144 0 0.000000 100.000000
145 0 0.000000 100.000000
146 14 0.913754 0.000000
147 0 0.000000 100.000000
148 16 0.686833 0.600000
149 11 0.639410 7.000000
150 8 0.685746 3.200000
151 0 0.000000 100.000000
152 3 0.731594 8.400000
153 0 0.000000 100.000000
154 0 0.000000 100.000000
155 0 0.000000 100.000000
156 0 0.000000 100.000000
157 0 0.000000 100.000000
158 0 0.000000 100.000000
159 0 0.000000 100.000000
160 0 0.000000 100.000000
161 0 0.000000 100.000000
162 0 0.000000 100.000000
163 0 0.000000 100.000000
164 0 0.000000 100.000000
165 0 0.000000 100.000000
166 0 0.000000 100.000000
167 0 0.000000 100.000000
168 96 0.765711 0.000000
169 11 0.441719 72.200000
170 49 0.865939 0.000000
171 22 0.782456 0.000000
172 4 0.498693 49.000000
173 4 0.610627 23.000000
174 1 0.824957 17.800000
175 22 0.844915 0.000000
176 101 0.865351 0.000000
177 0 0.000000 100.000000
178 78 0.807821 0.000000
179 61 0.832419 0.000000
180 124 0.777320 0.000000
181 81 0.863924 0.000000
182 19 0.713210 0.200000
183 263 0.776607 0.000000
184 0 0.000000 100.000000
185 0 0.000000 100.000000
186 0 0.000000 100.000000
187 4 0.756969 2.800000
188 0 0.000000 100.000000
189 0 0.000000 100.000000
190 0 0.000000 100.000000
191 0 0.000000 100.000000
192 0 0.000000 100.000000
193 0 0.000000 100.000000
194 0 0.000000 100.000000
195 1 0.474870 56.200000
196 0 0.000000 100.000000
197 3 0.715942 11.800000
198 0 0.000000 100.000000
199 4 0.561847 39.000000
200 3 0.511884 47.600000
201 0 0.000000 100.000000
202 0 0.000000 100.000000
203 2 0.031250 100.000000
204 0 0.000000 100.000000
205 0 0.000000 100.000000
206 0 0.000000 100.000000
207 0 0.000000 100.000000
208 3 0.208116 96.200000
209 3 0.656232 17.400000
210 18 0.841468 0.000000
211 0 0.000000 100.000000
212 0 0.000000 100.000000
213 28 0.773442 0.000000
214 0 0.000000 100.000000
215 0 0.000000 100.000000
216 0 0.000000 100.000000
217 0 0.000000 100.000000
218 0 0.000000 100.000000
219 0 0.000000 100.000000
220 0 0.000000 100.000000
221 0 0.000000 100.000000
222 0 0.000000 100.000000
223 4 0.528746 40.200000
224 0 0.000000 100.000000
225 1 0.741768 23.200000
226 0 0.000000 100.000000
227 0 0.000000 100.000000
228 0 0.000000 100.000000
229 0 0.000000 100.000000
230 0 0.000000 100.000000
231 0 0.000000 100.000000
232 0 0.000000 100.000000
233 0 0.000000 100.000000
234 0 0.000000 100.000000
235 0 0.000000 100.000000
236 1 0.469671 54.800000
237 3 0.989565 0.200000
238 2 0.670139 23.400000
239 0 0.000000 100.000000
240 0 0.000000 100.000000
241 0 0.000000 100.000000
242 0 0.000000 100.000000
243 0 0.000000 100.000000
244 1 0.979203 1.600000
245 12 0.834806 0.000000
246 0 0.000000 100.000000
247 0 0.000000 100.000000
248 0 0.000000 100.000000
249 0 0.000000 100.000000
250 0 0.000000 100.000000
251 0 0.000000 100.000000
252 0 0.000000 100.000000
253 0 0.000000 100.000000
254 0 0.000000 100.000000
255 0 0.000000 100.000000
256 0 0.000000 100.000000
257 0 0.000000 100.000000
258 0 0.000000 100.000000
259 0 0.000000 100.000000
260 0 0.000000 100.000000
261 0 0.000000 100.000000
262 0 0.000000 100.000000
263 0 0.000000 100.000000
264 0 0.000000 100.000000
265 0 0.000000 100.000000
266 0 0.000000 100.000000
267 0 0.000000 100.000000
268 0 0.000000 100.000000
269 0 0.000000 100.000000
270 0 0.000000 100.000000
271 0 0.000000 100.000000
272 0 0.000000 100.000000
273 485 0.886443 0.000000
274 451 0.805367 0.000000
275 10 0.642077 7.200000
276 0 0.000000 100.000000
277 17 0.741323 0.000000
278 356 0.824906 0.000000
279 32 0.661859 0.000000
280 25 0.791754 0.000000
281 22 0.812459 0.000000
282 13 0.820422 0.000000
283 5 0.507155 44.400000
284 0 0.000000 100.000000
285 0 0.000000 100.000000
286 343 0.776068 0.000000
287 7 0.589442 19.400000
288 0 0.000000 100.000000
289 0 0.000000 100.000000
290 1 1.000000 0.200000
291 0 0.000000 100.000000
292 0 0.000000 100.000000
293 9 0.683265 3.000000
294 577 0.972270 2.800000
295 4 0.716463 6.000000
296 4 0.747387 4.600000
297 4 0.655052 16.600000
298 0 0.000000 100.000000
299 392 0.798579 0.000000
300 218 0.733626 0.000000
301 546 0.765911 0.000000
302 89 0.801751 0.000000
303 0 0.000000 100.000000
304 114 0.696612 0.000000
305 3 0.853333 2.400000
306 571 0.836127 0.000000
307 0 0.000000 100.000000
308 0 0.000000 100.000000
309 0 0.000000 100.000000
310 0 0.000000 100.000000
311 0 0.000000 100.000000
312 0 0.000000 100.000000
313 0 0.000000 100.000000
314 0 0.000000 100.000000
315 0 0.000000 100.000000
316 0 0.000000 100.000000
317 0 0.000000 100.000000
318 0 0.000000 100.000000
0 0 0.000000 0.000000
