0 374 0.789203 0.000000
1 401 0.790707 0.000000
2 230 0.811919 0.000000
3 77 0.824636 0.000000
4 123 0.859484 0.000000
5 10 0.536972 34.600000
6 0 0.000000 100.000000
7 10 0.540845 33.600000
8 14 0.848278 0.000000
9 0 0.000000 100.000000
10 0 0.000000 100.000000
11 147 0.787411 0.000000
12 44 0.712845 0.000000
13 108 0.813771 0.000000
14 41 0.811827 0.000000
15 55 0.836259 0.000000
16 9 0.440344 73.200000
17 162 0.813702 0.000000
18 4 0.625000 20.800000
19 6 0.566725 23.000000
20 4 0.999564 0.000000
21 0 0.000000 100.000000
22 168 0.811135 0.000000
23 20 0.689516 0.200000
24 29 0.796432 0.000000
25 97 0.850719 0.000000
26 3 0.488696 56.400000
27 15 0.791119 0.000000
28 5 0.637347 15.400000
29 5 0.430017 68.600000
30 0 0.000000 100.000000
31 1 0.500867 55.000000
32 21 0.837309 0.000000
33 0 0.000000 100.000000
34 3 0.318261 87.800000
35 1 0.696707 32.000000
36 4 0.356707 82.000000
37 6 0.589452 21.800000
38 1 0.887348 12.600000
39 25 0.782929 0.000000
40 20 0.761738 0.000000
41 0 0.000000 100.000000
42 0 0.000000 100.000000
43 0 0.000000 100.000000
44 0 0.000000 100.000000
45 0 0.000000 100.000000
46 0 0.000000 100.000000
47 1 0.207972 77.800000
48 87 0.815015 0.000000
49 0 0.000000 100.000000
50 0 0.000000 100.000000
51 10 0.528697 38.400000
52 0 0.000000 100.000000
53 0 0.000000 100.000000
54 4 0.575348 30.400000
55 24 0.865523 0.000000
56 7 0.314236 93.600000
57 1 0.648180 38.200000
58 0 0.000000 100.000000
59 0 0.000000 100.000000
60 0 0.000000 100.000000
61 2 0.440972 61.400000
62 33 0.801835 0.000000
63 1 0.904679 10.000000
64 10 0.753169 0.000000
65 11 0.679333 1.600000
66 0 0.000000 100.000000
67 2 0.309896 84.400000
68 0 0.000000 100.000000
69 0 0.000000 100.000000
70 0 0.000000 100.000000
71 10 0.667430 3.600000
72 0 0.000000 100.000000
73 11 0.493827 54.800000
74 0 0.000000 100.000000
75 3 0.795942 5.600000
76 0 0.000000 100.000000
77 0 0.000000 100.000000
78 0 0.000000 100.000000
79 0 0.000000 100.000000
80 0 0.000000 100.000000
81 0 0.000000 100.000000
82 0 0.000000 100.000000
83 112 0.786040 0.000000
84 63 0.739621 0.000000
85 108 0.909062 0.000000
86 0 0.000000 100.000000
87 373 0.805231 0.000000
88 0 0.000000 100.000000
89 0 0.000000 100.000000
90 0 0.000000 100.000000
91 0 0.000000 100.000000
92 0 0.000000 100.000000
93 0 0.000000 100.000000
94 0 0.000000 100.000000
95 0 0.000000 100.000000
96 0 0.000000 100.000000
97 63 0.860040 0.000000
98 0 0.000000 100.000000
99 14 0.807751 0.000000
100 51 0.865164 0.000000
101 73 0.855798 0.000000
102 3 0.648696 19.200000
103 0 0.000000 100.000000
104 0 0.000000 100.000000
105 0 0.000000 100.000000
106 0 0.000000 100.000000
107 1 0.452340 54.200000
108 7 0.402552 82.800000
109 4 0.476045 55.000000
110 0 0.000000 100.000000
111 128 0.804618 0.000000
112 63 0.906734 0.000000
113 0 0.000000 100.000000
114 5 0.649215 13.200000
115 0 0.000000 100.000000
116 0 0.000000 100.000000
117 0 0.000000 100.000000
118 2 0.430556 59.600000
119 0 0.000000 100.000000
120 23 0.766392 0.000000
121 0 0.000000 100.000000
122 3 0.670725 16.400000
123 0 0.000000 100.000000
124 3 0.646377 17.000000
125 0 0.000000 100.000000
126 6 0.217949 99.400000
127 3 0.512464 51.000000
128 2 0.552951 37.800000
129 0 0.000000 100.000000
130 0 0.000000 100.000000
131 0 0.000000 100.000000
132 8 0.578509 22.400000
133 0 0.000000 100.000000
134 98 0.777934 0.000000
135 37 0.860069 0.000000
136 230 0.820690 0.000000
137 25 0.823725 0.000000
138 3 0.237101 94.000000
139 4 0.297909 93.800000
140 0 0.000000 100.000000
141 0 0.000000 100.000000
142 90 0.741985 0.000000
143 0 0.000000 100.000000
144 0 0.000000 100.000000
145 0 0.000000 100.000000
146 13 0.867393 0.000000
147 0 0.000000 100.000000
148 31 0.765525 0.000000
149 6 0.663170 8.000000
150 16 0.658474 1.800000
151 0 0.000000 100.000000
152 2 0.707465 17.800000
153 0 0.000000 100.000000
154 0 0.000000 100.000000
155 0 0.000000 100.000000
156 0 0.000000 100.000000
157 0 0.000000 100.000000
158 0 0.000000 100.000000
159 0 0.000000 100.000000
160 0 0.000000 100.000000
161 0 0.000000 100.000000
162 0 0.000000 100.000000
163 0 0.000000 100.000000
164 1 0.138648 84.600000
165 0 0.000000 100.000000
166 0 0.000000 100.000000
167 0 0.000000 100.000000
168 98 0.782993 0.000000
169 8 0.686184 3.200000
170 59 0.822442 0.000000
171 28 0.854805 0.000000
172 7 0.599950 17.000000
173 1 0.883882 12.400000
174 0 0.000000 100.000000
175 21 0.727280 0.000000
176 102 0.888779 0.000000
177 0 0.000000 100.000000
178 80 0.853614 0.000000
179 77 0.819841 0.000000
180 123 0.782221 0.000000
181 79 0.863195 0.000000
182 24 0.753159 0.000000
183 267 0.816648 0.000000
184 0 0.000000 100.000000
185 0 0.000000 100.000000
186 0 0.000000 100.000000
187 8 0.808991 0.000000
188 0 0.000000 100.000000
189 0 0.000000 100.000000
190 0 0.000000 100.000000
191 0 0.000000 100.000000
192 0 0.000000 100.000000
193 0 0.000000 100.000000
194 0 0.000000 100.000000
195 1 0.967071 5.000000
196 1 0.684575 30.600000
197 2 0.630208 28.800000
198 0 0.000000 100.000000
199 5 0.545201 38.400000
200 7 0.635226 13.000000
201 0 0.000000 100.000000
202 0 0.000000 100.000000
203 1 0.180243 78.200000
204 0 0.000000 100.000000
205 0 0.000000 100.000000
206 0 0.000000 100.000000
207 0 0.000000 100.000000
208 1 0.090121 92.200000
209 0 0.000000 100.000000
210 19 0.848319 0.000000
211 0 0.000000 100.000000
212 1 0.776430 23.400000
213 23 0.787152 0.000000
214 0 0.000000 100.000000
215 0 0.000000 100.000000
216 0 0.000000 100.000000
217 0 0.000000 100.000000
218 0 0.000000 100.000000
219 0 0.000000 100.000000
220 0 0.000000 100.000000
221 0 0.000000 100.000000
222 0 0.000000 100.000000
223 1 0.979203 2.400000
224 0 0.000000 100.000000
225 0 0.000000 100.000000
226 0 0.000000 100.000000
227 0 0.000000 100.000000
228 0 0.000000 100.000000
229 0 0.000000 100.000000
230 0 0.000000 100.000000
231 0 0.000000 100.000000
232 0 0.000000 100.000000
233 0 0.000000 100.000000
234 0 0.000000 100.000000
235 0 0.000000 100.000000
236 0 0.000000 100.000000
237 1 0.665511 32.800000
238 2 0.875000 3.200000
239 0 0.000000 100.000000
240 0 0.000000 100.000000
241 0 0.000000 100.000000
242 0 0.000000 100.000000
243 0 0.000000 100.000000
244 2 0.658854 24.800000
245 5 0.763002 1.200000
246 0 0.000000 100.000000
247 0 0.000000 100.000000
248 0 0.000000 100.000000
249 0 0.000000 100.000000
250 0 0.000000 100.000000
251 0 0.000000 100.000000
252 0 0.000000 100.000000
253 0 0.000000 100.000000
254 0 0.000000 100.000000
255 0 0.000000 100.000000
256 0 0.000000 100.000000
257 0 0.000000 100.000000
258 0 0.000000 100.000000
259 0 0.000000 100.000000
260 0 0.000000 100.000000
261 0 0.000000 100.000000
262 0 0.000000 100.000000
263 0 0.000000 100.000000
264 0 0.000000 100.000000
265 0 0.000000 100.000000
266 0 0.000000 100.000000
267 0 0.000000 100.000000
268 0 0.000000 100.000000
269 0 0.000000 100.000000
270 0 0.000000 100.000000
271 0 0.000000 100.000000
272 0 0.000000 100.000000
273 486 0.878400 0.000000
274 445 0.792008 0.000000
275 2 0.494792 51.400000
276 0 0.000000 100.000000
277 16 0.802825 0.000000
278 353 0.793063 0.000000
279 45 0.895268 0.000000
280 19 0.731758 0.000000
281 18 0.818552 0.000000
282 12 0.703916 0.400000
283 6 0.580711 24.400000
284 0 0.000000 100.000000
285 0 0.000000 100.000000
286 366 0.764898 0.000000
287 8 0.538596 36.000000
288 0 0.000000 100.000000
289 0 0.000000 100.000000
290 0 0.000000 100.000000
291 1 0.675910 34.000000
292 0 0.000000 100.000000
293 10 0.742430 1.000000
294 578 0.000000 100.000000
295 3 0.378551 76.200000
296 3 0.560000 35.600000
297 3 0.511884 46.400000
298 0 0.000000 100.000000
299 422 0.757853 0.000000
300 246 0.727728 0.000000
301 552 0.809434 0.000000
302 81 0.811859 0.000000
303 0 0.000000 100.000000
304 126 0.735567 0.000000
305 6 0.583625 27.200000
306 571 0.897673 0.000000
307 0 0.000000 100.000000
308 0 0.000000 100.000000
309 0 0.000000 100.000000
310 0 0.000000 100.000000
311 0 0.000000 100.000000
312 0 0.000000 100.000000
313 0 0.000000 100.000000
314 0 0.000000 100.000000
315 0 0.000000 100.000000
316 0 0.000000 100.000000
317 0 0.000000 100.000000
318 0 0.000000 100.000000
0 0 0.000000 0.000000
