0 388 0.772531 0.000000
1 414 0.802728 0.000000
2 257 0.796053 0.000000
3 92 0.852948 0.000000
4 132 0.827116 0.000000
5 7 0.468601 58.800000
6 0 0.000000 100.000000
7 8 0.582237 21.400000
8 16 0.744440 0.000000
9 1 0.604853 42.200000
10 0 0.000000 100.000000
11 154 0.781105 0.000000
12 43 0.715279 0.000000
13 118 0.786791 0.000000
14 40 0.799535 0.000000
15 68 0.735467 0.000000
16 15 0.709888 1.000000
17 149 0.832262 0.000000
18 8 0.666009 6.000000
19 3 0.950725 0.000000
20 4 0.983885 0.000000
21 0 0.000000 100.000000
22 172 0.776191 0.000000
23 19 0.755014 0.000000
24 29 0.752968 0.000000
25 104 0.809802 0.000000
26 4 0.467334 56.600000
27 14 0.805471 0.000000
28 7 0.787341 0.600000
29 7 0.609457 16.200000
30 0 0.000000 100.000000
31 3 0.529855 40.000000
32 11 0.878628 0.000000
33 0 0.000000 100.000000
34 6 0.602273 23.200000
35 0 0.000000 100.000000
36 10 0.591901 16.000000
37 3 0.660290 14.400000
38 1 0.958406 3.400000
39 19 0.813012 0.000000
40 18 0.733433 0.000000
41 0 0.000000 100.000000
42 1 0.391681 60.000000
43 1 0.545927 48.800000
44 0 0.000000 100.000000
45 0 0.000000 100.000000
46 0 0.000000 100.000000
47 4 0.545296 34.000000
48 114 0.768527 0.000000
49 0 0.000000 100.000000
50 0 0.000000 100.000000
51 4 0.799652 3.000000
52 0 0.000000 100.000000
53 1 0.812825 20.000000
54 3 0.468406 59.600000
55 34 0.816014 0.000000
56 2 0.892361 2.800000
57 1 0.589255 40.200000
58 0 0.000000 100.000000
59 0 0.000000 100.000000
60 0 0.000000 100.000000
61 1 0.343154 65.600000
62 38 0.805750 0.000000
63 2 0.368056 74.400000
64 11 0.691518 1.000000
65 13 0.570728 21.000000
66 0 0.000000 100.000000
67 4 0.696864 10.000000
68 0 0.000000 100.000000
69 1 0.615251 38.000000
70 0 0.000000 100.000000
71 14 0.378166 93.200000
72 1 0.239168 78.600000
73 17 0.828982 0.000000
74 0 0.000000 100.000000
75 8 0.815570 0.000000
76 0 0.000000 100.000000
77 0 0.000000 100.000000
78 0 0.000000 100.000000
79 0 0.000000 100.000000
80 0 0.000000 100.000000
81 0 0.000000 100.000000
82 0 0.000000 100.000000
83 97 0.799001 0.000000
84 91 0.745041 0.000000
85 105 0.904259 0.000000
86 0 0.000000 100.000000
87 382 0.798443 0.000000
88 0 0.000000 100.000000
89 3 0.764638 5.200000
90 0 0.000000 100.000000
91 0 0.000000 100.000000
92 0 0.000000 100.000000
93 0 0.000000 100.000000
94 0 0.000000 100.000000
95 0 0.000000 100.000000
96 0 0.000000 100.000000
97 73 0.783182 0.000000
98 0 0.000000 100.000000
99 13 0.513274 44.400000
100 62 0.780039 0.000000
101 65 0.822072 0.000000
102 3 0.881159 1.000000
103 0 0.000000 100.000000
104 0 0.000000 100.000000
105 0 0.000000 100.000000
106 0 0.000000 100.000000
107 0 0.000000 100.000000
108 9 0.565124 27.200000
109 0 0.000000 100.000000
110 1 0.994801 0.800000
111 116 0.757277 0.000000
112 50 0.903902 0.000000
113 0 0.000000 100.000000
114 5 0.649215 11.400000
115 0 0.000000 100.000000
116 0 0.000000 100.000000
117 0 0.000000 100.000000
118 6 0.808275 0.200000
119 3 0.503188 50.800000
120 25 0.785244 0.000000
121 0 0.000000 100.000000
122 3 0.754783 6.600000
123 0 0.000000 100.000000
124 1 0.878683 11.400000
125 0 0.000000 100.000000
126 6 0.322844 93.400000
127 7 0.627471 13.800000
128 4 0.888937 0.000000
129 0 0.000000 100.000000
130 0 0.000000 100.000000
131 0 0.000000 100.000000
132 13 0.426549 81.800000
133 2 0.580729 31.000000
134 115 0.739037 0.000000
135 41 0.852432 0.000000
136 242 0.806585 0.000000
137 31 0.752610 0.000000
138 3 0.528696 45.000000
139 3 0.219710 96.000000
140 0 0.000000 100.000000
141 0 0.000000 100.000000
142 79 0.720048 0.000000
143 0 0.000000 100.000000
144 0 0.000000 100.000000
145 0 0.000000 100.000000
146 19 0.859053 0.000000
147 0 0.000000 100.000000
148 14 0.719478 0.400000
149 6 0.900350 0.000000
150 6 0.780886 0.600000
151 0 0.000000 100.000000
152 3 0.523478 45.200000
153 0 0.000000 100.000000
154 0 0.000000 100.000000
155 0 0.000000 100.000000
156 0 0.000000 100.000000
157 0 0.000000 100.000000
158 0 0.000000 100.000000
159 0 0.000000 100.000000
160 0 0.000000 100.000000
161 0 0.000000 100.000000
162 0 0.000000 100.000000
163 0 0.000000 100.000000
164 0 0.000000 100.000000
165 0 0.000000 100.000000
166 0 0.000000 100.000000
167 0 0.000000 100.000000
168 98 0.778784 0.000000
169 7 0.863398 0.000000
170 51 0.806526 0.000000
171 21 0.816021 0.000000
172 4 0.495645 47.600000
173 1 0.112652 89.400000
174 1 0.552860 44.000000
175 20 0.883602 0.000000
176 87 0.863801 0.000000
177 0 0.000000 100.000000
178 80 0.858609 0.000000
179 80 0.782329 0.000000
180 124 0.816559 0.000000
181 63 0.889814 0.000000
182 20 0.809140 0.000000
183 255 0.805731 0.000000
184 0 0.000000 100.000000
185 0 0.000000 100.000000
186 0 0.000000 100.000000
187 12 0.564046 19.800000
188 0 0.000000 100.000000
189 0 0.000000 100.000000
190 0 0.000000 100.000000
191 0 0.000000 100.000000
192 0 0.000000 100.000000
193 0 0.000000 100.000000
194 0 0.000000 100.000000
195 4 0.601481 27.200000
196 0 0.000000 100.000000
197 3 0.435362 60.000000
198 0 0.000000 100.000000
199 0 0.000000 100.000000
200 3 0.326957 83.800000
201 0 0.000000 100.000000
202 0 0.000000 100.000000
203 1 0.058925 95.000000
204 0 0.000000 100.000000
205 0 0.000000 100.000000
206 0 0.000000 100.000000
207 0 0.000000 100.000000
208 5 0.238045 97.200000
209 1 0.154246 85.800000
210 19 0.904811 0.000000
211 0 0.000000 100.000000
212 0 0.000000 100.000000
213 27 0.836929 0.000000
214 0 0.000000 100.000000
215 0 0.000000 100.000000
216 0 0.000000 100.000000
217 0 0.000000 100.000000
218 0 0.000000 100.000000
219 0 0.000000 100.000000
220 0 0.000000 100.000000
221 0 0.000000 100.000000
222 0 0.000000 100.000000
223 1 0.807626 20.800000
224 0 0.000000 100.000000
225 1 0.630849 42.000000
226 0 0.000000 100.000000
227 0 0.000000 100.000000
228 0 0.000000 100.000000
229 0 0.000000 100.000000
230 0 0.000000 100.000000
231 0 0.000000 100.000000
232 0 0.000000 100.000000
233 0 0.000000 100.000000
234 0 0.000000 100.000000
235 0 0.000000 100.000000
236 1 1.000000 0.000000
237 4 0.950784 0.000000
238 2 0.630208 26.800000
239 0 0.000000 100.000000
240 0 0.000000 100.000000
241 0 0.000000 100.000000
242 0 0.000000 100.000000
243 0 0.000000 100.000000
244 1 0.320624 66.400000
245 8 0.978947 0.000000
246 0 0.000000 100.000000
247 0 0.000000 100.000000
248 0 0.000000 100.000000
249 0 0.000000 100.000000
250 0 0.000000 100.000000
251 0 0.000000 100.000000
252 0 0.000000 100.000000
253 0 0.000000 100.000000
254 0 0.000000 100.000000
255 0 0.000000 100.000000
256 0 0.000000 100.000000
257 0 0.000000 100.000000
258 0 0.000000 100.000000
259 0 0.000000 100.000000
260 0 0.000000 100.000000
261 1 0.856153 13.800000
262 0 0.000000 100.000000
263 0 0.000000 100.000000
264 0 0.000000 100.000000
265 0 0.000000 100.000000
266 0 0.000000 100.000000
267 0 0.000000 100.000000
268 0 0.000000 100.000000
269 0 0.000000 100.000000
270 0 0.000000 100.000000
271 0 0.000000 100.000000
272 0 0.000000 100.000000
273 456 0.894287 0.000000
274 454 0.771414 0.000000
275 15 0.780580 0.000000
276 0 0.000000 100.000000
277 28 0.843377 0.000000
278 352 0.755166 0.000000
279 45 0.795497 0.000000
280 21 0.807130 0.000000
281 14 0.851444 0.000000
282 9 0.903534 0.000000
283 4 0.582317 31.400000
284 0 0.000000 100.000000
285 0 0.000000 100.000000
286 352 0.767875 0.000000
287 10 0.410739 85.400000
288 0 0.000000 100.000000
289 0 0.000000 100.000000
290 1 0.736568 23.600000
291 0 0.000000 100.000000
292 0 0.000000 100.000000
293 9 0.571959 21.600000
294 578 0.000000 100.000000
295 7 0.652990 9.400000
296 6 0.453380 67.200000
297 7 0.703528 3.200000
298 0 0.000000 100.000000
299 428 0.760794 0.000000
300 251 0.734615 0.000000
301 548 0.724088 0.000000
302 100 0.790460 0.000000
303 0 0.000000 100.000000
304 155 0.722474 0.000000
305 2 0.617188 33.400000
306 570 0.772149 0.400000
307 0 0.000000 100.000000
308 0 0.000000 100.000000
309 0 0.000000 100.000000
310 0 0.000000 100.000000
311 0 0.000000 100.000000
312 0 0.000000 100.000000
313 0 0.000000 100.000000
314 0 0.000000 100.000000
315 0 0.000000 100.000000
316 0 0.000000 100.000000
317 0 0.000000 100.000000
318 0 0.000000 100.000000
0 0 0.000000 0.000000
