0 374 0.758349 0.000000
1 402 0.796628 0.000000
2 213 0.817506 0.000000
3 66 0.749941 0.000000
4 121 0.781127 0.000000
5 13 0.557522 25.600000
6 0 0.000000 100.000000
7 13 0.634445 6.200000
8 17 0.620426 3.200000
9 0 0.000000 100.000000
10 0 0.000000 100.000000
11 136 0.804332 0.000000
12 33 0.684626 0.000000
13 108 0.805063 0.000000
14 31 0.724598 0.000000
15 57 0.714820 0.000000
16 12 0.823616 0.000000
17 160 0.791373 0.000000
18 5 0.599651 24.600000
19 4 0.559669 37.000000
20 5 0.606632 21.400000
21 0 0.000000 100.000000
22 176 0.794705 0.000000
23 22 0.697515 0.200000
24 39 0.810666 0.000000
25 102 0.817618 0.000000
26 2 0.744792 13.400000
27 22 0.898463 0.000000
28 0 0.000000 100.000000
29 8 0.648465 6.200000
30 0 0.000000 100.000000
31 5 0.683072 8.000000
32 20 0.926434 0.000000
33 0 0.000000 100.000000
34 4 0.699042 9.600000
35 1 0.939341 7.200000
36 5 0.707853 5.800000
37 4 0.584930 29.600000
38 3 0.571594 31.200000
39 23 0.806972 0.000000
40 21 0.723348 0.000000
41 0 0.000000 100.000000
42 1 0.181976 81.600000
43 1 0.318891 67.800000
44 0 0.000000 100.000000
45 0 0.000000 100.000000
46 0 0.000000 100.000000
47 1 0.032929 97.000000
48 92 0.742776 0.000000
49 0 0.000000 100.000000
50 0 0.000000 100.000000
51 5 0.586387 21.800000
52 0 0.000000 100.000000
53 2 0.278646 85.000000
54 9 0.497169 49.400000
55 27 0.800027 0.000000
56 5 0.553927 36.600000
57 1 0.329289 66.400000
58 1 0.618718 32.200000
59 0 0.000000 100.000000
60 0 0.000000 100.000000
61 1 0.745234 27.000000
62 40 0.771097 0.000000
63 2 0.419271 65.400000
64 17 0.714480 0.200000
65 19 0.550984 22.000000
66 0 0.000000 100.000000
67 1 0.487002 49.600000
68 0 0.000000 100.000000
69 2 0.455729 56.200000
70 0 0.000000 100.000000
71 8 0.445395 69.000000
72 0 0.000000 100.000000
73 16 0.768127 0.000000
74 0 0.000000 100.000000
75 8 0.511184 47.800000
76 0 0.000000 100.000000
77 0 0.000000 100.000000
78 0 0.000000 100.000000
79 0 0.000000 100.000000
80 0 0.000000 100.000000
81 0 0.000000 100.000000
82 0 0.000000 100.000000
83 114 0.771741 0.000000
84 71 0.687196 0.000000
85 107 0.881521 0.000000
86 0 0.000000 100.000000
87 385 0.787363 0.000000
88 0 0.000000 100.000000
89 2 1.000000 0.000000
90 0 0.000000 100.000000
91 0 0.000000 100.000000
92 0 0.000000 100.000000
93 0 0.000000 100.000000
94 0 0.000000 100.000000
95 0 0.000000 100.000000
96 0 0.000000 100.000000
97 83 0.805428 0.000000
98 0 0.000000 100.000000
99 24 0.684040 0.000000
100 61 0.823572 0.000000
101 67 0.862780 0.000000
102 3 0.715362 10.200000
103 0 0.000000 100.000000
104 0 0.000000 100.000000
105 0 0.000000 100.000000
106 0 0.000000 100.000000
107 0 0.000000 100.000000
108 4 0.783101 2.200000
109 6 0.632576 14.800000
110 0 0.000000 100.000000
111 125 0.725722 0.000000
112 67 0.889681 0.000000
113 0 0.000000 100.000000
114 3 0.594203 31.400000
115 0 0.000000 100.000000
116 0 0.000000 100.000000
117 0 0.000000 100.000000
118 1 1.000000 0.000000
119 1 0.618718 38.000000
120 21 0.895272 0.000000
121 0 0.000000 100.000000
122 2 0.810764 7.600000
123 0 0.000000 100.000000
124 2 0.480035 54.800000
125 0 0.000000 100.000000
126 5 0.120070 99.800000
127 6 0.384033 83.000000
128 2 0.452257 59.000000
129 0 0.000000 100.000000
130 0 0.000000 100.000000
131 0 0.000000 100.000000
132 10 0.673415 3.800000
133 2 0.724826 13.400000
134 116 0.750411 0.000000
135 33 0.800945 0.000000
136 240 0.796610 0.000000
137 35 0.747803 0.000000
138 1 0.034662 96.200000
139 5 0.306108 91.800000
140 0 0.000000 100.000000
141 0 0.000000 100.000000
142 81 0.784236 0.000000
143 0 0.000000 100.000000
144 0 0.000000 100.000000
145 0 0.000000 100.000000
146 16 0.904915 0.000000
147 0 0.000000 100.000000
148 16 0.850534 0.000000
149 12 0.418139 86.000000
150 8 0.383772 85.400000
151 0 0.000000 100.000000
152 3 0.942029 0.200000
153 0 0.000000 100.000000
154 0 0.000000 100.000000
155 0 0.000000 100.000000
156 0 0.000000 100.000000
157 0 0.000000 100.000000
158 0 0.000000 100.000000
159 0 0.000000 100.000000
160 0 0.000000 100.000000
161 0 0.000000 100.000000
162 0 0.000000 100.000000
163 0 0.000000 100.000000
164 1 0.043328 95.800000
165 0 0.000000 100.000000
166 0 0.000000 100.000000
167 0 0.000000 100.000000
168 92 0.774177 0.000000
169 9 0.752587 0.800000
170 55 0.739788 0.000000
171 29 0.815966 0.000000
172 5 0.377661 82.600000
173 3 0.743768 6.800000
174 1 0.816291 20.000000
175 19 0.857546 0.000000
176 96 0.878696 0.000000
177 0 0.000000 100.000000
178 82 0.823761 0.000000
179 72 0.796086 0.000000
180 109 0.822578 0.000000
181 76 0.859771 0.000000
182 29 0.783933 0.000000
183 253 0.814655 0.000000
184 0 0.000000 100.000000
185 0 0.000000 100.000000
186 1 0.823224 18.000000
187 9 0.762937 0.000000
188 0 0.000000 100.000000
189 0 0.000000 100.000000
190 0 0.000000 100.000000
191 0 0.000000 100.000000
192 0 0.000000 100.000000
193 0 0.000000 100.000000
194 0 0.000000 100.000000
195 3 0.481159 53.200000
196 0 0.000000 100.000000
197 3 0.225507 94.200000
198 0 0.000000 100.000000
199 5 0.431065 70.800000
200 3 0.398261 70.800000
201 0 0.000000 100.000000
202 0 0.000000 100.000000
203 0 0.000000 100.000000
204 0 0.000000 100.000000
205 0 0.000000 100.000000
206 0 0.000000 100.000000
207 0 0.000000 100.000000
208 3 0.703768 13.200000
209 2 0.623264 27.600000
210 20 0.792921 0.000000
211 0 0.000000 100.000000
212 0 0.000000 100.000000
213 28 0.721429 0.000000
214 0 0.000000 100.000000
215 0 0.000000 100.000000
216 0 0.000000 100.000000
217 0 0.000000 100.000000
218 0 0.000000 100.000000
219 0 0.000000 100.000000
220 0 0.000000 100.000000
221 0 0.000000 100.000000
222 0 0.000000 100.000000
223 3 0.481159 55.000000
224 0 0.000000 100.000000
225 0 0.000000 100.000000
226 0 0.000000 100.000000
227 0 0.000000 100.000000
228 0 0.000000 100.000000
229 0 0.000000 100.000000
230 0 0.000000 100.000000
231 0 0.000000 100.000000
232 0 0.000000 100.000000
233 0 0.000000 100.000000
234 0 0.000000 100.000000
235 0 0.000000 100.000000
236 2 0.717014 19.400000
237 5 0.984991 0.000000
238 1 0.582322 43.600000
239 0 0.000000 100.000000
240 0 0.000000 100.000000
241 0 0.000000 100.000000
242 0 0.000000 100.000000
243 0 0.000000 100.000000
244 1 0.979203 1.200000
245 9 0.884398 0.000000
246 0 0.000000 100.000000
247 0 0.000000 100.000000
248 0 0.000000 100.000000
249 0 0.000000 100.000000
250 0 0.000000 100.000000
251 0 0.000000 100.000000
252 0 0.000000 100.000000
253 0 0.000000 100.000000
254 0 0.000000 100.000000
255 0 0.000000 100.000000
256 0 0.000000 100.000000
257 0 0.000000 100.000000
258 0 0.000000 100.000000
259 0 0.000000 100.000000
260 0 0.000000 100.000000
261 0 0.000000 100.000000
262 0 0.000000 100.000000
263 0 0.000000 100.000000
264 0 0.000000 100.000000
265 0 0.000000 100.000000
266 0 0.000000 100.000000
267 0 0.000000 100.000000
268 0 0.000000 100.000000
269 0 0.000000 100.000000
270 0 0.000000 100.000000
271 0 0.000000 100.000000
272 0 0.000000 100.000000
273 476 0.857802 0.000000
274 437 0.760066 0.000000
275 9 0.607499 14.000000
276 0 0.000000 100.000000
277 26 0.788810 0.000000
278 337 0.792002 0.000000
279 45 0.816886 0.000000
280 23 0.828045 0.000000
281 17 0.834120 0.000000
282 11 0.889370 0.000000
283 7 0.592945 19.000000
284 0 0.000000 100.000000
285 0 0.000000 100.000000
286 357 0.767076 0.000000
287 10 0.731162 0.400000
288 0 0.000000 100.000000
289 0 0.000000 100.000000
290 2 0.403646 64.400000
291 0 0.000000 100.000000
292 0 0.000000 100.000000
293 15 0.733215 0.000000
294 578 0.000000 100.000000
295 5 0.470157 55.000000
296 5 0.382548 84.600000
297 4 0.788763 2.400000
298 0 0.000000 100.000000
299 418 0.798363 0.000000
300 236 0.786513 0.000000
301 550 0.791104 0.000000
302 95 0.798932 0.000000
303 0 0.000000 100.000000
304 122 0.684678 0.000000
305 3 0.260290 91.000000
306 572 0.757576 0.800000
307 0 0.000000 100.000000
308 0 0.000000 100.000000
309 0 0.000000 100.000000
310 0 0.000000 100.000000
311 0 0.000000 100.000000
312 0 0.000000 100.000000
313 0 0.000000 100.000000
314 0 0.000000 100.000000
315 0 0.000000 100.000000
316 0 0.000000 100.000000
317 0 0.000000 100.000000
318 0 0.000000 100.000000
0 0 0.000000 0.000000
