0 348 0.793716 0.000000
1 411 0.826493 0.000000
2 218 0.810525 0.000000
3 86 0.811519 0.000000
4 135 0.841869 0.000000
5 7 0.731298 2.800000
6 0 0.000000 100.000000
7 12 0.483952 57.200000
8 20 0.743190 0.000000
9 1 0.090121 90.000000
10 0 0.000000 100.000000
11 150 0.835903 0.000000
12 49 0.700706 0.000000
13 109 0.835743 0.000000
14 39 0.852957 0.000000
15 62 0.785353 0.000000
16 11 0.866282 0.000000
17 178 0.824045 0.000000
18 5 0.574520 30.000000
19 3 0.586667 33.800000
20 11 0.980600 0.000000
21 0 0.000000 100.000000
22 197 0.812969 0.000000
23 30 0.843127 0.000000
24 36 0.823544 0.000000
25 115 0.815419 0.000000
26 1 0.013865 98.600000
27 23 0.767959 0.000000
28 1 0.859619 14.800000
29 9 0.501465 46.600000
30 0 0.000000 100.000000
31 2 0.603299 34.200000
32 23 0.853662 0.000000
33 0 0.000000 100.000000
34 4 0.398084 76.600000
35 0 0.000000 100.000000
36 10 0.675704 2.400000
37 3 0.515362 48.400000
38 2 0.396701 68.400000
39 33 0.844760 0.000000
40 23 0.788719 0.000000
41 0 0.000000 100.000000
42 0 0.000000 100.000000
43 1 0.473137 53.200000
44 0 0.000000 100.000000
45 0 0.000000 100.000000
46 0 0.000000 100.000000
47 1 0.166378 82.600000
48 89 0.811861 0.000000
49 0 0.000000 100.000000
50 0 0.000000 100.000000
51 6 0.774476 1.200000
52 0 0.000000 100.000000
53 0 0.000000 100.000000
54 5 0.706108 5.600000
55 27 0.825234 0.000000
56 5 0.568586 28.600000
57 1 0.547660 43.200000
58 1 0.190641 78.600000
59 0 0.000000 100.000000
60 0 0.000000 100.000000
61 0 0.000000 100.000000
62 34 0.759516 0.000000
63 0 0.000000 100.000000
64 7 0.824118 0.000000
65 7 0.763322 1.000000
66 0 0.000000 100.000000
67 3 0.613913 26.600000
68 0 0.000000 100.000000
69 1 0.105719 90.800000
70 0 0.000000 100.000000
71 5 0.658988 13.200000
72 0 0.000000 100.000000
73 10 0.775528 0.200000
74 1 0.398614 65.200000
75 5 0.356021 88.400000
76 0 0.000000 100.000000
77 1 0.124783 88.600000
78 0 0.000000 100.000000
79 0 0.000000 100.000000
80 0 0.000000 100.000000
81 0 0.000000 100.000000
82 0 0.000000 100.000000
83 96 0.749568 0.000000
84 71 0.734645 0.000000
85 99 0.885051 0.000000
86 0 0.000000 100.000000
87 360 0.797796 0.000000
88 0 0.000000 100.000000
89 5 0.376265 78.800000
90 0 0.000000 100.000000
91 0 0.000000 100.000000
92 0 0.000000 100.000000
93 0 0.000000 100.000000
94 0 0.000000 100.000000
95 0 0.000000 100.000000
96 0 0.000000 100.000000
97 62 0.867592 0.000000
98 0 0.000000 100.000000
99 15 0.829840 0.000000
100 47 0.877069 0.000000
101 80 0.816466 0.000000
102 1 0.093588 88.600000
103 0 0.000000 100.000000
104 0 0.000000 100.000000
105 0 0.000000 100.000000
106 0 0.000000 100.000000
107 1 0.623917 37.200000
108 3 0.627826 25.200000
109 3 0.285797 87.200000
110 0 0.000000 100.000000
111 127 0.842328 0.000000
112 58 0.876724 0.000000
113 0 0.000000 100.000000
114 2 0.379340 73.400000
115 0 0.000000 100.000000
116 0 0.000000 100.000000
117 0 0.000000 100.000000
118 4 0.446864 58.400000
119 0 0.000000 100.000000
120 27 0.895611 0.000000
121 0 0.000000 100.000000
122 3 0.598261 25.600000
123 0 0.000000 100.000000
124 2 0.967882 0.400000
125 1 0.504333 50.000000
126 11 0.398268 89.000000
127 2 0.295139 82.400000
128 1 0.339688 62.800000
129 0 0.000000 100.000000
130 0 0.000000 100.000000
131 0 0.000000 100.000000
132 7 0.518639 41.200000
133 3 0.809275 2.800000
134 113 0.842516 0.000000
135 41 0.918245 0.000000
136 243 0.828413 0.000000
137 28 0.820974 0.000000
138 0 0.000000 100.000000
139 1 0.663778 32.600000
140 0 0.000000 100.000000
141 0 0.000000 100.000000
142 68 0.776038 0.000000
143 0 0.000000 100.000000
144 0 0.000000 100.000000
145 0 0.000000 100.000000
146 17 0.425920 85.600000
147 0 0.000000 100.000000
148 18 0.707540 0.000000
149 6 0.653846 11.200000
150 5 0.542757 39.200000
151 0 0.000000 100.000000
152 3 0.839420 3.000000
153 0 0.000000 100.000000
154 0 0.000000 100.000000
155 0 0.000000 100.000000
156 0 0.000000 100.000000
157 0 0.000000 100.000000
158 0 0.000000 100.000000
159 0 0.000000 100.000000
160 0 0.000000 100.000000
161 0 0.000000 100.000000
162 0 0.000000 100.000000
163 0 0.000000 100.000000
164 0 0.000000 100.000000
165 0 0.000000 100.000000
166 0 0.000000 100.000000
167 0 0.000000 100.000000
168 99 0.796377 0.000000
169 9 0.364382 92.400000
170 52 0.789705 0.000000
171 30 0.912044 0.000000
172 2 0.506944 52.200000
173 4 0.407230 73.000000
174 0 0.000000 100.000000
175 14 0.728343 0.000000
176 101 0.898312 0.000000
177 0 0.000000 100.000000
178 69 0.800888 0.000000
179 77 0.842445 0.000000
180 132 0.807430 0.000000
181 76 0.877909 0.000000
182 17 0.801300 0.000000
183 259 0.853270 0.000000
184 0 0.000000 100.000000
185 0 0.000000 100.000000
186 0 0.000000 100.000000
187 11 0.509059 43.400000
188 0 0.000000 100.000000
189 0 0.000000 100.000000
190 0 0.000000 100.000000
191 0 0.000000 100.000000
192 0 0.000000 100.000000
193 0 0.000000 100.000000
194 0 0.000000 100.000000
195 1 0.932409 7.200000
196 2 0.684896 20.400000
197 1 0.698440 34.800000
198 0 0.000000 100.000000
199 3 0.289855 88.400000
200 0 0.000000 100.000000
201 0 0.000000 100.000000
202 0 0.000000 100.000000
203 1 0.136915 84.800000
204 0 0.000000 100.000000
205 0 0.000000 100.000000
206 0 0.000000 100.000000
207 0 0.000000 100.000000
208 3 0.390145 73.000000
209 0 0.000000 100.000000
210 13 0.847515 0.000000
211 0 0.000000 100.000000
212 0 0.000000 100.000000
213 17 0.869456 0.000000
214 0 0.000000 100.000000
215 0 0.000000 100.000000
216 0 0.000000 100.000000
217 0 0.000000 100.000000
218 0 0.000000 100.000000
219 0 0.000000 100.000000
220 0 0.000000 100.000000
221 0 0.000000 100.000000
222 0 0.000000 100.000000
223 2 0.440104 63.400000
224 0 0.000000 100.000000
225 0 0.000000 100.000000
226 0 0.000000 100.000000
227 0 0.000000 100.000000
228 0 0.000000 100.000000
229 0 0.000000 100.000000
230 1 0.093588 90.000000
231 0 0.000000 100.000000
232 0 0.000000 100.000000
233 0 0.000000 100.000000
234 1 0.362218 65.400000
235 0 0.000000 100.000000
236 4 0.522648 45.200000
237 4 0.987369 0.000000
238 2 0.763889 11.000000
239 0 0.000000 100.000000
240 0 0.000000 100.000000
241 0 0.000000 100.000000
242 0 0.000000 100.000000
243 0 0.000000 100.000000
244 3 0.673043 19.000000
245 15 0.897573 0.000000
246 0 0.000000 100.000000
247 0 0.000000 100.000000
248 0 0.000000 100.000000
249 0 0.000000 100.000000
250 0 0.000000 100.000000
251 0 0.000000 100.000000
252 0 0.000000 100.000000
253 0 0.000000 100.000000
254 0 0.000000 100.000000
255 0 0.000000 100.000000
256 0 0.000000 100.000000
257 0 0.000000 100.000000
258 0 0.000000 100.000000
259 0 0.000000 100.000000
260 0 0.000000 100.000000
261 0 0.000000 100.000000
262 0 0.000000 100.000000
263 0 0.000000 100.000000
264 0 0.000000 100.000000
265 0 0.000000 100.000000
266 0 0.000000 100.000000
267 0 0.000000 100.000000
268 0 0.000000 100.000000
269 0 0.000000 100.000000
270 0 0.000000 100.000000
271 0 0.000000 100.000000
272 0 0.000000 100.000000
273 486 0.916734 0.000000
274 463 0.816997 0.000000
275 12 0.557568 27.400000
276 0 0.000000 100.000000
277 21 0.752928 0.000000
278 366 0.800327 0.000000
279 43 0.825560 0.000000
280 25 0.827559 0.000000
281 18 0.798810 0.000000
282 10 0.789613 0.000000
283 7 0.536903 32.800000
284 0 0.000000 100.000000
285 0 0.000000 100.000000
286 355 0.805937 0.000000
287 7 0.474856 56.400000
288 0 0.000000 100.000000
289 0 0.000000 100.000000
290 5 0.759511 1.800000
291 0 0.000000 100.000000
292 0 0.000000 100.000000
293 15 0.656957 1.800000
294 578 0.000000 100.000000
295 6 0.298660 95.200000
296 5 0.302269 93.000000
297 5 0.371379 84.400000
298 0 0.000000 100.000000
299 402 0.773095 0.000000
300 251 0.770752 0.000000
301 556 0.814912 0.000000
302 89 0.816548 0.000000
303 0 0.000000 100.000000
304 114 0.755974 0.000000
305 2 0.451389 57.600000
306 567 0.726150 0.600000
307 0 0.000000 100.000000
308 0 0.000000 100.000000
309 0 0.000000 100.000000
310 0 0.000000 100.000000
311 0 0.000000 100.000000
312 0 0.000000 100.000000
313 0 0.000000 100.000000
314 0 0.000000 100.000000
315 0 0.000000 100.000000
316 0 0.000000 100.000000
317 0 0.000000 100.000000
318 0 0.000000 100.000000
0 0 0.000000 0.000000
