0 366 0.778959 0.000000
1 390 0.823773 0.000000
2 216 0.816119 0.000000
3 81 0.879723 0.000000
4 124 0.837377 0.000000
5 16 0.449177 77.600000
6 0 0.000000 100.000000
7 16 0.519017 41.800000
8 8 0.874123 0.000000
9 0 0.000000 100.000000
10 0 0.000000 100.000000
11 147 0.822088 0.000000
12 42 0.705002 0.000000
13 107 0.788063 0.000000
14 43 0.868898 0.000000
15 63 0.716320 0.000000
16 16 0.646575 2.000000
17 160 0.821172 0.000000
18 5 0.478883 60.800000
19 7 0.679510 5.200000
20 11 0.527016 40.800000
21 0 0.000000 100.000000
22 179 0.788536 0.000000
23 25 0.798192 0.000000
24 31 0.832164 0.000000
25 108 0.819425 0.000000
26 3 0.562899 36.800000
27 15 0.833511 0.000000
28 5 0.625829 17.600000
29 8 0.509430 47.200000
30 0 0.000000 100.000000
31 5 0.706806 4.200000
32 13 0.907828 0.000000
33 0 0.000000 100.000000
34 5 0.605236 20.000000
35 0 0.000000 100.000000
36 12 0.527532 34.600000
37 7 0.607706 16.400000
38 3 0.352464 76.800000
39 26 0.787207 0.000000
40 22 0.823578 0.000000
41 0 0.000000 100.000000
42 0 0.000000 100.000000
43 0 0.000000 100.000000
44 0 0.000000 100.000000
45 0 0.000000 100.000000
46 0 0.000000 100.000000
47 1 0.379549 63.200000
48 88 0.873400 0.000000
49 0 0.000000 100.000000
50 0 0.000000 100.000000
51 5 0.833159 0.200000
52 0 0.000000 100.000000
53 1 0.415945 57.000000
54 2 0.453125 58.000000
55 25 0.800940 0.000000
56 0 0.000000 100.000000
57 1 0.168111 83.000000
58 0 0.000000 100.000000
59 0 0.000000 100.000000
60 0 0.000000 100.000000
61 0 0.000000 100.000000
62 31 0.787993 0.000000
63 0 0.000000 100.000000
64 16 0.609542 7.600000
65 16 0.688723 0.400000
66 0 0.000000 100.000000
67 4 0.693380 10.000000
68 0 0.000000 100.000000
69 1 0.351820 65.000000
70 0 0.000000 100.000000
71 8 0.644737 6.400000
72 0 0.000000 100.000000
73 14 0.607270 8.800000
74 0 0.000000 100.000000
75 4 0.955139 0.000000
76 0 0.000000 100.000000
77 1 0.149047 83.800000
78 0 0.000000 100.000000
79 0 0.000000 100.000000
80 0 0.000000 100.000000
81 0 0.000000 100.000000
82 0 0.000000 100.000000
83 99 0.793530 0.000000
84 69 0.805928 0.000000
85 104 0.920501 0.000000
86 0 0.000000 100.000000
87 374 0.803777 0.000000
88 0 0.000000 100.000000
89 3 0.739130 9.400000
90 0 0.000000 100.000000
91 0 0.000000 100.000000
92 0 0.000000 100.000000
93 0 0.000000 100.000000
94 0 0.000000 100.000000
95 0 0.000000 100.000000
96 0 0.000000 100.000000
97 73 0.792378 0.000000
98 1 0.864818 15.200000
99 12 0.664458 2.400000
100 60 0.804408 0.000000
101 66 0.763258 0.000000
102 4 0.428571 68.200000
103 0 0.000000 100.000000
104 0 0.000000 100.000000
105 0 0.000000 100.000000
106 0 0.000000 100.000000
107 0 0.000000 100.000000
108 5 0.478534 59.000000
109 2 0.264757 87.800000
110 0 0.000000 100.000000
111 135 0.801070 0.000000
112 50 0.925758 0.000000
113 0 0.000000 100.000000
114 1 0.194107 81.600000
115 0 0.000000 100.000000
116 2 0.450521 62.400000
117 0 0.000000 100.000000
118 3 0.982029 0.000000
119 1 0.710572 30.800000
120 23 0.880219 0.000000
121 0 0.000000 100.000000
122 0 0.000000 100.000000
123 0 0.000000 100.000000
124 7 0.571429 24.800000
125 0 0.000000 100.000000
126 8 0.339474 92.200000
127 3 1.000000 0.000000
128 2 0.653646 25.600000
129 0 0.000000 100.000000
130 0 0.000000 100.000000
131 0 0.000000 100.000000
132 7 0.501376 49.600000
133 2 0.542535 45.800000
134 102 0.760875 0.000000
135 37 0.870710 0.000000
136 235 0.834700 0.000000
137 28 0.761234 0.000000
138 2 0.085069 97.800000
139 1 0.987868 1.400000
140 0 0.000000 100.000000
141 0 0.000000 100.000000
142 82 0.817737 0.000000
143 0 0.000000 100.000000
144 0 0.000000 100.000000
145 0 0.000000 100.000000
146 18 0.903075 0.000000
147 0 0.000000 100.000000
148 18 0.809325 0.000000
149 8 0.613158 14.800000
150 12 0.686101 0.200000
151 0 0.000000 100.000000
152 6 0.717949 3.200000
153 0 0.000000 100.000000
154 0 0.000000 100.000000
155 0 0.000000 100.000000
156 0 0.000000 100.000000
157 0 0.000000 100.000000
158 0 0.000000 100.000000
159 0 0.000000 100.000000
160 0 0.000000 100.000000
161 0 0.000000 100.000000
162 0 0.000000 100.000000
163 0 0.000000 100.000000
164 0 0.000000 100.000000
165 0 0.000000 100.000000
166 0 0.000000 100.000000
167 0 0.000000 100.000000
168 86 0.774438 0.000000
169 11 0.430014 77.400000
170 51 0.764669 0.000000
171 18 0.838790 0.000000
172 5 0.509599 44.800000
173 4 0.402875 69.200000
174 1 0.835355 15.400000
175 18 0.879663 0.000000
176 99 0.887118 0.000000
177 0 0.000000 100.000000
178 93 0.857466 0.000000
179 63 0.811897 0.000000
180 111 0.800027 0.000000
181 73 0.933134 0.000000
182 20 0.811111 0.000000
183 253 0.817525 0.000000
184 0 0.000000 100.000000
185 0 0.000000 100.000000
186 0 0.000000 100.000000
187 11 0.720539 0.600000
188 0 0.000000 100.000000
189 0 0.000000 100.000000
190 0 0.000000 100.000000
191 0 0.000000 100.000000
192 0 0.000000 100.000000
193 0 0.000000 100.000000
194 0 0.000000 100.000000
195 1 0.339688 66.800000
196 1 0.362218 65.400000
197 4 0.662892 13.000000
198 1 0.433276 58.800000
199 2 0.667535 23.000000
200 3 0.683478 14.800000
201 0 0.000000 100.000000
202 0 0.000000 100.000000
203 1 0.083189 93.000000
204 0 0.000000 100.000000
205 0 0.000000 100.000000
206 0 0.000000 100.000000
207 0 0.000000 100.000000
208 2 0.427083 62.800000
209 2 0.546875 43.200000
210 18 0.795536 0.000000
211 0 0.000000 100.000000
212 0 0.000000 100.000000
213 23 0.824285 0.000000
214 0 0.000000 100.000000
215 0 0.000000 100.000000
216 0 0.000000 100.000000
217 0 0.000000 100.000000
218 0 0.000000 100.000000
219 0 0.000000 100.000000
220 0 0.000000 100.000000
221 0 0.000000 100.000000
222 0 0.000000 100.000000
223 3 0.366377 77.200000
224 0 0.000000 100.000000
225 0 0.000000 100.000000
226 0 0.000000 100.000000
227 0 0.000000 100.000000
228 0 0.000000 100.000000
229 0 0.000000 100.000000
230 0 0.000000 100.000000
231 0 0.000000 100.000000
232 0 0.000000 100.000000
233 0 0.000000 100.000000
234 0 0.000000 100.000000
235 0 0.000000 100.000000
236 3 0.568116 36.600000
237 4 0.867596 0.000000
238 4 0.870645 0.600000
239 0 0.000000 100.000000
240 0 0.000000 100.000000
241 0 0.000000 100.000000
242 0 0.000000 100.000000
243 0 0.000000 100.000000
244 3 0.371014 76.800000
245 17 0.786935 0.000000
246 0 0.000000 100.000000
247 0 0.000000 100.000000
248 0 0.000000 100.000000
249 0 0.000000 100.000000
250 0 0.000000 100.000000
251 0 0.000000 100.000000
252 0 0.000000 100.000000
253 0 0.000000 100.000000
254 0 0.000000 100.000000
255 0 0.000000 100.000000
256 0 0.000000 100.000000
257 0 0.000000 100.000000
258 0 0.000000 100.000000
259 0 0.000000 100.000000
260 0 0.000000 100.000000
261 0 0.000000 100.000000
262 0 0.000000 100.000000
263 0 0.000000 100.000000
264 0 0.000000 100.000000
265 0 0.000000 100.000000
266 0 0.000000 100.000000
267 0 0.000000 100.000000
268 0 0.000000 100.000000
269 0 0.000000 100.000000
270 0 0.000000 100.000000
271 0 0.000000 100.000000
272 0 0.000000 100.000000
273 483 0.900207 0.000000
274 438 0.810437 0.000000
275 10 0.602113 15.200000
276 0 0.000000 100.000000
277 25 0.825895 0.000000
278 352 0.812839 0.000000
279 41 0.886315 0.000000
280 21 0.873386 0.000000
281 15 0.878745 0.000000
282 12 0.909305 0.000000
283 1 0.920277 8.400000
284 0 0.000000 100.000000
285 0 0.000000 100.000000
286 360 0.784085 0.000000
287 5 0.515532 42.800000
288 0 0.000000 100.000000
289 0 0.000000 100.000000
290 4 0.753049 4.000000
291 0 0.000000 100.000000
292 0 0.000000 100.000000
293 5 0.505759 48.800000
294 578 0.000000 100.000000
295 5 0.465271 60.200000
296 4 0.508275 46.200000
297 5 0.465969 61.400000
298 0 0.000000 100.000000
299 412 0.779682 0.000000
300 227 0.785647 0.000000
301 545 0.812677 0.000000
302 83 0.785834 0.000000
303 0 0.000000 100.000000
304 126 0.754407 0.000000
305 3 0.642899 18.200000
306 570 0.556798 29.200000
307 0 0.000000 100.000000
308 0 0.000000 100.000000
309 0 0.000000 100.000000
310 0 0.000000 100.000000
311 0 0.000000 100.000000
312 0 0.000000 100.000000
313 0 0.000000 100.000000
314 0 0.000000 100.000000
315 0 0.000000 100.000000
316 0 0.000000 100.000000
317 0 0.000000 100.000000
318 0 0.000000 100.000000
0 0 0.000000 0.000000
