0 368 0.778274 0.000000
1 399 0.823497 0.000000
2 236 0.841226 0.000000
3 87 0.812276 0.000000
4 127 0.815825 0.000000
5 7 0.546410 36.800000
6 0 0.000000 100.000000
7 12 0.472026 59.400000
8 11 0.715568 0.200000
9 0 0.000000 100.000000
10 0 0.000000 100.000000
11 171 0.814690 0.000000
12 57 0.704516 0.000000
13 122 0.793428 0.000000
14 46 0.872753 0.000000
15 58 0.817175 0.000000
16 15 0.418591 85.600000
17 141 0.809355 0.000000
18 5 0.405236 75.800000
19 5 0.389878 79.400000
20 7 0.973230 0.000000
21 0 0.000000 100.000000
22 177 0.808036 0.000000
23 27 0.814412 0.000000
24 28 0.787987 0.000000
25 103 0.867879 0.000000
26 1 0.060659 94.000000
27 17 0.795219 0.000000
28 1 0.979203 1.200000
29 7 0.571679 27.200000
30 0 0.000000 100.000000
31 6 0.599942 19.600000
32 12 0.810071 0.000000
33 0 0.000000 100.000000
34 3 0.963478 0.000000
35 0 0.000000 100.000000
36 12 0.441991 75.200000
37 5 0.432810 70.800000
38 2 0.780382 7.400000
39 36 0.758661 0.000000
40 38 0.707456 0.000000
41 0 0.000000 100.000000
42 0 0.000000 100.000000
43 0 0.000000 100.000000
44 0 0.000000 100.000000
45 0 0.000000 100.000000
46 0 0.000000 100.000000
47 1 0.396880 62.600000
48 93 0.799690 0.000000
49 0 0.000000 100.000000
50 0 0.000000 100.000000
51 4 0.740854 6.800000
52 0 0.000000 100.000000
53 0 0.000000 100.000000
54 4 0.473868 55.600000
55 41 0.850207 0.000000
56 7 0.444583 70.000000
57 0 0.000000 100.000000
58 0 0.000000 100.000000
59 0 0.000000 100.000000
60 0 0.000000 100.000000
61 1 0.894281 9.800000
62 51 0.791643 0.000000
63 0 0.000000 100.000000
64 13 0.400681 88.000000
65 13 0.485228 61.400000
66 0 0.000000 100.000000
67 1 0.240901 74.800000
68 0 0.000000 100.000000
69 0 0.000000 100.000000
70 0 0.000000 100.000000
71 9 0.727006 0.400000
72 1 0.798960 22.800000
73 14 0.774316 0.000000
74 0 0.000000 100.000000
75 5 0.575218 27.200000
76 0 0.000000 100.000000
77 2 0.269965 87.000000
78 0 0.000000 100.000000
79 0 0.000000 100.000000
80 0 0.000000 100.000000
81 0 0.000000 100.000000
82 0 0.000000 100.000000
83 104 0.736449 0.000000
84 74 0.673343 0.000000
85 103 0.882248 0.000000
86 0 0.000000 100.000000
87 364 0.800516 0.000000
88 0 0.000000 100.000000
89 2 0.517361 47.600000
90 1 0.778163 19.400000
91 0 0.000000 100.000000
92 0 0.000000 100.000000
93 0 0.000000 100.000000
94 0 0.000000 100.000000
95 0 0.000000 100.000000
96 0 0.000000 100.000000
97 80 0.859513 0.000000
98 1 0.008666 99.200000
99 13 0.592784 11.800000
100 67 0.889798 0.000000
101 73 0.856259 0.000000
102 4 0.429007 71.800000
103 0 0.000000 100.000000
104 0 0.000000 100.000000
105 0 0.000000 100.000000
106 0 0.000000 100.000000
107 0 0.000000 100.000000
108 9 0.589338 17.400000
109 5 0.446771 69.800000
110 0 0.000000 100.000000
111 125 0.780592 0.000000
112 55 0.902138 0.000000
113 0 0.000000 100.000000
114 4 0.648084 14.800000
115 0 0.000000 100.000000
116 1 0.887348 11.400000
117 0 0.000000 100.000000
118 4 0.722997 4.600000
119 1 0.500867 45.200000
120 24 0.849654 0.000000
121 0 0.000000 100.000000
122 2 0.609375 27.200000
123 0 0.000000 100.000000
124 5 0.665969 8.000000
125 0 0.000000 100.000000
126 6 0.446970 67.800000
127 7 0.704278 2.400000
128 6 0.704254 3.600000
129 0 0.000000 100.000000
130 0 0.000000 100.000000
131 1 0.019064 98.600000
132 5 0.743455 1.600000
133 2 0.421875 61.600000
134 98 0.759290 0.000000
135 43 0.889937 0.000000
136 234 0.818264 0.000000
137 21 0.725571 0.000000
138 2 0.269965 82.000000
139 0 0.000000 100.000000
140 0 0.000000 100.000000
141 0 0.000000 100.000000
142 72 0.808218 0.000000
143 0 0.000000 100.000000
144 0 0.000000 100.000000
145 0 0.000000 100.000000
146 11 0.898669 0.000000
147 0 0.000000 100.000000
148 23 0.815746 0.000000
149 8 0.644298 8.400000
150 11 0.632676 3.600000
151 0 0.000000 100.000000
152 4 0.595383 26.600000
153 0 0.000000 100.000000
154 0 0.000000 100.000000
155 0 0.000000 100.000000
156 0 0.000000 100.000000
157 0 0.000000 100.000000
158 0 0.000000 100.000000
159 0 0.000000 100.000000
160 0 0.000000 100.000000
161 0 0.000000 100.000000
162 0 0.000000 100.000000
163 0 0.000000 100.000000
164 0 0.000000 100.000000
165 0 0.000000 100.000000
166 0 0.000000 100.000000
167 0 0.000000 100.000000
168 111 0.801493 0.000000
169 13 0.654731 2.000000
170 47 0.800256 0.000000
171 17 0.911083 0.000000
172 4 0.699042 8.400000
173 3 0.675362 17.000000
174 2 0.993924 0.000000
175 17 0.876481 0.000000
176 91 0.853059 0.000000
177 0 0.000000 100.000000
178 70 0.800141 0.000000
179 71 0.828736 0.000000
180 133 0.801538 0.000000
181 82 0.874164 0.000000
182 18 0.760913 0.000000
183 257 0.807896 0.000000
184 0 0.000000 100.000000
185 0 0.000000 100.000000
186 0 0.000000 100.000000
187 12 0.636042 5.200000
188 0 0.000000 100.000000
189 0 0.000000 100.000000
190 0 0.000000 100.000000
191 0 0.000000 100.000000
192 0 0.000000 100.000000
193 0 0.000000 100.000000
194 0 0.000000 100.000000
195 0 0.000000 100.000000
196 0 0.000000 100.000000
197 1 0.897747 10.800000
198 0 0.000000 100.000000
199 2 0.584201 33.600000
200 4 0.341463 86.800000
201 0 0.000000 100.000000
202 0 0.000000 100.000000
203 0 0.000000 100.000000
204 0 0.000000 100.000000
205 0 0.000000 100.000000
206 1 0.287695 69.600000
207 0 0.000000 100.000000
208 5 0.355323 87.200000
209 1 0.227036 80.000000
210 19 0.787308 0.000000
211 1 0.698440 35.000000
212 0 0.000000 100.000000
213 26 0.738991 0.000000
214 0 0.000000 100.000000
215 0 0.000000 100.000000
216 0 0.000000 100.000000
217 0 0.000000 100.000000
218 0 0.000000 100.000000
219 0 0.000000 100.000000
220 0 0.000000 100.000000
221 0 0.000000 100.000000
222 0 0.000000 100.000000
223 2 0.667535 18.800000
224 0 0.000000 100.000000
225 1 0.965338 2.800000
226 0 0.000000 100.000000
227 0 0.000000 100.000000
228 0 0.000000 100.000000
229 0 0.000000 100.000000
230 0 0.000000 100.000000
231 0 0.000000 100.000000
232 0 0.000000 100.000000
233 0 0.000000 100.000000
234 0 0.000000 100.000000
235 0 0.000000 100.000000
236 1 1.000000 0.000000
237 2 0.982639 0.000000
238 0 0.000000 100.000000
239 0 0.000000 100.000000
240 0 0.000000 100.000000
241 0 0.000000 100.000000
242 0 0.000000 100.000000
243 0 0.000000 100.000000
244 1 0.956672 3.400000
245 5 0.898778 0.000000
246 0 0.000000 100.000000
247 0 0.000000 100.000000
248 0 0.000000 100.000000
249 0 0.000000 100.000000
250 0 0.000000 100.000000
251 0 0.000000 100.000000
252 0 0.000000 100.000000
253 0 0.000000 100.000000
254 0 0.000000 100.000000
255 0 0.000000 100.000000
256 0 0.000000 100.000000
257 0 0.000000 100.000000
258 0 0.000000 100.000000
259 0 0.000000 100.000000
260 0 0.000000 100.000000
261 0 0.000000 100.000000
262 0 0.000000 100.000000
263 0 0.000000 100.000000
264 1 0.308492 69.400000
265 0 0.000000 100.000000
266 0 0.000000 100.000000
267 0 0.000000 100.000000
268 0 0.000000 100.000000
269 0 0.000000 100.000000
270 0 0.000000 100.000000
271 0 0.000000 100.000000
272 0 0.000000 100.000000
273 473 0.834270 0.000000
274 446 0.785535 0.000000
275 11 0.754850 0.000000
276 0 0.000000 100.000000
277 32 0.767285 0.000000
278 355 0.783048 0.000000
279 58 0.890782 0.000000
280 27 0.758822 0.000000
281 28 0.868052 0.000000
282 13 0.873383 0.000000
283 10 0.480282 58.200000
284 0 0.000000 100.000000
285 0 0.000000 100.000000
286 354 0.771010 0.000000
287 4 0.833188 0.800000
288 0 0.000000 100.000000
289 0 0.000000 100.000000
290 1 0.493934 51.800000
291 0 0.000000 100.000000
292 0 0.000000 100.000000
293 7 0.692519 3.600000
294 577 0.967071 3.200000
295 6 0.472611 59.400000
296 5 0.209424 99.200000
297 5 0.367539 85.800000
298 0 0.000000 100.000000
299 425 0.799231 0.000000
300 257 0.778719 0.000000
301 548 0.814416 0.000000
302 93 0.776056 0.000000
303 0 0.000000 100.000000
304 126 0.739447 0.000000
305 1 0.116118 89.200000
306 567 0.753407 0.000000
307 0 0.000000 100.000000
308 0 0.000000 100.000000
309 0 0.000000 100.000000
310 0 0.000000 100.000000
311 0 0.000000 100.000000
312 0 0.000000 100.000000
313 0 0.000000 100.000000
314 0 0.000000 100.000000
315 0 0.000000 100.000000
316 0 0.000000 100.000000
317 0 0.000000 100.000000
318 0 0.000000 100.000000
0 0 0.000000 0.000000
