0 379 0.786810 0.000000
1 409 0.788603 0.000000
2 218 0.832645 0.000000
3 87 0.794016 0.000000
4 111 0.808940 0.000000
5 9 0.549307 34.800000
6 0 0.000000 100.000000
7 12 0.410630 83.600000
8 15 0.736057 0.400000
9 1 0.927210 4.600000
10 0 0.000000 100.000000
11 143 0.775950 0.000000
12 39 0.714000 0.000000
13 100 0.767741 0.000000
14 46 0.772352 0.000000
15 54 0.829905 0.000000
16 12 0.567580 21.600000
17 176 0.806309 0.000000
18 8 0.680921 2.000000
19 3 0.746087 8.200000
20 3 0.773333 5.200000
21 0 0.000000 100.000000
22 190 0.775380 0.000000
23 27 0.812059 0.000000
24 33 0.710147 0.000000
25 118 0.818902 0.000000
26 2 0.507812 51.600000
27 17 0.878473 0.000000
28 0 0.000000 100.000000
29 5 0.668761 9.600000
30 0 0.000000 100.000000
31 5 0.698429 6.200000
32 22 0.695716 0.000000
33 0 0.000000 100.000000
34 5 0.444677 65.200000
35 0 0.000000 100.000000
36 4 0.210366 98.000000
37 3 0.811594 5.200000
38 0 0.000000 100.000000
39 24 0.889816 0.000000
40 22 0.700621 0.000000
41 0 0.000000 100.000000
42 1 0.097054 89.400000
43 1 0.415945 59.000000
44 0 0.000000 100.000000
45 0 0.000000 100.000000
46 0 0.000000 100.000000
47 4 0.453397 59.000000
48 85 0.787233 0.000000
49 0 0.000000 100.000000
50 0 0.000000 100.000000
51 9 0.486819 56.200000
52 0 0.000000 100.000000
53 3 0.246957 94.200000
54 4 0.446429 60.600000
55 33 0.896247 0.000000
56 3 0.197101 96.000000
57 1 0.745234 28.800000
58 1 0.197574 82.000000
59 0 0.000000 100.000000
60 0 0.000000 100.000000
61 1 0.006932 99.600000
62 42 0.806548 0.000000
63 1 0.478336 53.400000
64 15 0.645352 2.600000
65 16 0.658585 1.400000
66 0 0.000000 100.000000
67 1 0.939341 7.600000
68 0 0.000000 100.000000
69 1 0.412478 59.000000
70 0 0.000000 100.000000
71 11 0.651756 4.400000
72 0 0.000000 100.000000
73 9 0.792814 0.000000
74 1 0.667244 32.800000
75 3 0.521159 43.600000
76 0 0.000000 100.000000
77 1 0.010399 98.800000
78 0 0.000000 100.000000
79 0 0.000000 100.000000
80 0 0.000000 100.000000
81 0 0.000000 100.000000
82 0 0.000000 100.000000
83 115 0.734642 0.000000
84 77 0.740441 0.000000
85 114 0.861899 0.000000
86 0 0.000000 100.000000
87 389 0.783463 0.000000
88 0 0.000000 100.000000
89 4 0.658101 13.800000
90 0 0.000000 100.000000
91 0 0.000000 100.000000
92 0 0.000000 100.000000
93 0 0.000000 100.000000
94 0 0.000000 100.000000
95 0 0.000000 100.000000
96 0 0.000000 100.000000
97 62 0.788947 0.000000
98 0 0.000000 100.000000
99 14 0.619807 6.600000
100 49 0.811504 0.000000
101 64 0.774957 0.000000
102 1 0.909879 8.400000
103 0 0.000000 100.000000
104 0 0.000000 100.000000
105 0 0.000000 100.000000
106 0 0.000000 100.000000
107 0 0.000000 100.000000
108 6 0.475524 59.400000
109 2 0.030382 100.000000
110 0 0.000000 100.000000
111 130 0.802490 0.000000
112 65 0.824561 0.000000
113 0 0.000000 100.000000
114 11 0.565015 22.600000
115 0 0.000000 100.000000
116 0 0.000000 100.000000
117 0 0.000000 100.000000
118 3 0.313043 86.400000
119 0 0.000000 100.000000
120 22 0.838375 0.000000
121 0 0.000000 100.000000
122 4 0.691202 10.200000
123 0 0.000000 100.000000
124 9 0.706112 1.800000
125 0 0.000000 100.000000
126 5 0.248517 96.800000
127 5 0.642932 11.800000
128 3 0.882319 0.800000
129 0 0.000000 100.000000
130 0 0.000000 100.000000
131 0 0.000000 100.000000
132 7 0.705779 3.000000
133 3 0.525797 44.800000
134 93 0.731715 0.000000
135 39 0.860949 0.000000
136 235 0.829279 0.000000
137 28 0.729156 0.000000
138 0 0.000000 100.000000
139 0 0.000000 100.000000
140 0 0.000000 100.000000
141 0 0.000000 100.000000
142 77 0.770174 0.000000
143 0 0.000000 100.000000
144 0 0.000000 100.000000
145 0 0.000000 100.000000
146 10 0.753697 0.000000
147 0 0.000000 100.000000
148 15 0.804263 0.000000
149 5 0.737871 4.800000
150 9 0.541691 35.800000
151 0 0.000000 100.000000
152 4 0.648084 16.600000
153 0 0.000000 100.000000
154 0 0.000000 100.000000
155 0 0.000000 100.000000
156 0 0.000000 100.000000
157 0 0.000000 100.000000
158 0 0.000000 100.000000
159 0 0.000000 100.000000
160 0 0.000000 100.000000
161 0 0.000000 100.000000
162 0 0.000000 100.000000
163 0 0.000000 100.000000
164 1 0.618718 37.000000
165 0 0.000000 100.000000
166 0 0.000000 100.000000
167 0 0.000000 100.000000
168 98 0.755655 0.000000
169 11 0.335899 96.400000
170 50 0.840227 0.000000
171 23 0.818410 0.000000
172 6 0.658508 12.200000
173 2 0.256076 86.600000
174 0 0.000000 100.000000
175 15 0.914387 0.000000
176 111 0.888805 0.000000
177 0 0.000000 100.000000
178 71 0.843098 0.000000
179 72 0.783624 0.000000
180 117 0.793871 0.000000
181 82 0.889801 0.000000
182 15 0.725755 0.200000
183 255 0.840794 0.000000
184 0 0.000000 100.000000
185 0 0.000000 100.000000
186 0 0.000000 100.000000
187 7 0.889917 0.000000
188 0 0.000000 100.000000
189 0 0.000000 100.000000
190 0 0.000000 100.000000
191 0 0.000000 100.000000
192 0 0.000000 100.000000
193 0 0.000000 100.000000
194 0 0.000000 100.000000
195 0 0.000000 100.000000
196 0 0.000000 100.000000
197 2 0.482639 55.600000
198 0 0.000000 100.000000
199 3 0.320000 84.800000
200 2 0.702257 17.400000
201 0 0.000000 100.000000
202 0 0.000000 100.000000
203 1 0.402080 59.400000
204 0 0.000000 100.000000
205 0 0.000000 100.000000
206 0 0.000000 100.000000
207 0 0.000000 100.000000
208 3 0.385507 72.000000
209 1 0.717504 33.400000
210 17 0.724651 0.200000
211 1 0.800693 18.000000
212 0 0.000000 100.000000
213 27 0.765746 0.000000
214 0 0.000000 100.000000
215 0 0.000000 100.000000
216 0 0.000000 100.000000
217 0 0.000000 100.000000
218 0 0.000000 100.000000
219 0 0.000000 100.000000
220 0 0.000000 100.000000
221 0 0.000000 100.000000
222 0 0.000000 100.000000
223 1 0.578856 39.800000
224 0 0.000000 100.000000
225 1 0.922010 8.200000
226 0 0.000000 100.000000
227 0 0.000000 100.000000
228 0 0.000000 100.000000
229 0 0.000000 100.000000
230 0 0.000000 100.000000
231 0 0.000000 100.000000
232 0 0.000000 100.000000
233 0 0.000000 100.000000
234 0 0.000000 100.000000
235 0 0.000000 100.000000
236 2 0.555556 46.200000
237 2 0.937500 0.600000
238 2 0.744792 15.800000
239 0 0.000000 100.000000
240 0 0.000000 100.000000
241 0 0.000000 100.000000
242 0 0.000000 100.000000
243 0 0.000000 100.000000
244 2 0.551215 41.200000
245 9 0.845147 0.000000
246 0 0.000000 100.000000
247 0 0.000000 100.000000
248 0 0.000000 100.000000
249 0 0.000000 100.000000
250 0 0.000000 100.000000
251 0 0.000000 100.000000
252 0 0.000000 100.000000
253 0 0.000000 100.000000
254 0 0.000000 100.000000
255 0 0.000000 100.000000
256 0 0.000000 100.000000
257 0 0.000000 100.000000
258 0 0.000000 100.000000
259 0 0.000000 100.000000
260 0 0.000000 100.000000
261 0 0.000000 100.000000
262 0 0.000000 100.000000
263 0 0.000000 100.000000
264 0 0.000000 100.000000
265 0 0.000000 100.000000
266 0 0.000000 100.000000
267 0 0.000000 100.000000
268 0 0.000000 100.000000
269 0 0.000000 100.000000
270 0 0.000000 100.000000
271 0 0.000000 100.000000
272 0 0.000000 100.000000
273 482 0.890560 0.000000
274 450 0.815712 0.000000
275 10 0.711444 0.400000
276 0 0.000000 100.000000
277 15 0.679811 0.800000
278 345 0.770990 0.000000
279 34 0.827747 0.000000
280 20 0.775090 0.000000
281 20 0.885932 0.000000
282 12 0.870583 0.000000
283 4 0.183362 99.200000
284 0 0.000000 100.000000
285 0 0.000000 100.000000
286 368 0.749042 0.000000
287 7 0.584689 23.000000
288 0 0.000000 100.000000
289 0 0.000000 100.000000
290 2 0.857639 4.000000
291 0 0.000000 100.000000
292 0 0.000000 100.000000
293 9 0.598711 15.200000
294 577 0.805893 19.600000
295 5 0.591274 21.600000
296 5 0.443979 65.400000
297 5 0.502618 49.800000
298 0 0.000000 100.000000
299 421 0.795603 0.000000
300 239 0.766591 0.000000
301 553 0.715009 0.000000
302 80 0.781275 0.000000
303 0 0.000000 100.000000
304 114 0.693701 0.000000
305 4 0.473432 60.600000
306 571 0.747561 1.000000
307 0 0.000000 100.000000
308 0 0.000000 100.000000
309 0 0.000000 100.000000
310 0 0.000000 100.000000
311 0 0.000000 100.000000
312 0 0.000000 100.000000
313 0 0.000000 100.000000
314 0 0.000000 100.000000
315 0 0.000000 100.000000
316 0 0.000000 100.000000
317 0 0.000000 100.000000
318 0 0.000000 100.000000
0 0 0.000000 0.000000
