0 365 0.780886 0.000000
1 409 0.771647 0.000000
2 239 0.850681 0.000000
3 90 0.820537 0.000000
4 124 0.823344 0.000000
5 9 0.883031 0.000000
6 0 0.000000 100.000000
7 15 0.658141 1.800000
8 11 0.616001 10.600000
9 0 0.000000 100.000000
10 0 0.000000 100.000000
11 159 0.834001 0.000000
12 46 0.711425 0.000000
13 115 0.794948 0.000000
14 50 0.828636 0.000000
15 62 0.766504 0.000000
16 16 0.674711 0.000000
17 174 0.811213 0.000000
18 8 0.511184 42.800000
19 6 0.468240 64.400000
20 5 0.842234 0.400000
21 0 0.000000 100.000000
22 189 0.819140 0.000000
23 21 0.795161 0.000000
24 25 0.661193 0.400000
25 126 0.816828 0.000000
26 4 0.289199 91.800000
27 20 0.696416 0.000000
28 1 0.944541 5.400000
29 5 0.880977 0.000000
30 0 0.000000 100.000000
31 5 0.521815 45.400000
32 16 0.819284 0.000000
33 0 0.000000 100.000000
34 7 0.356517 90.200000
35 1 0.757366 28.000000
36 11 0.570948 22.000000
37 6 0.582751 24.800000
38 0 0.000000 100.000000
39 25 0.839349 0.000000
40 36 0.806017 0.000000
41 0 0.000000 100.000000
42 0 0.000000 100.000000
43 1 0.757366 22.600000
44 0 0.000000 100.000000
45 0 0.000000 100.000000
46 0 0.000000 100.000000
47 0 0.000000 100.000000
48 87 0.832338 0.000000
49 0 0.000000 100.000000
50 0 0.000000 100.000000
51 4 0.791376 2.400000
52 0 0.000000 100.000000
53 1 0.171577 79.800000
54 3 0.480580 54.200000
55 35 0.852302 0.000000
56 4 0.637195 17.600000
57 1 0.596187 41.600000
58 2 0.526910 47.400000
59 1 0.000000 100.000000
60 0 0.000000 100.000000
61 1 0.786828 20.800000
62 45 0.814926 0.000000
63 1 0.400347 60.400000
64 13 0.738462 0.000000
65 14 0.641337 3.000000
66 0 0.000000 100.000000
67 3 0.675362 14.800000
68 0 0.000000 100.000000
69 0 0.000000 100.000000
70 0 0.000000 100.000000
71 10 0.611268 10.400000
72 0 0.000000 100.000000
73 14 0.692123 0.600000
74 0 0.000000 100.000000
75 3 0.539130 40.800000
76 0 0.000000 100.000000
77 1 0.022530 98.400000
78 0 0.000000 100.000000
79 0 0.000000 100.000000
80 0 0.000000 100.000000
81 0 0.000000 100.000000
82 0 0.000000 100.000000
83 96 0.791926 0.000000
84 65 0.763593 0.000000
85 96 0.899291 0.000000
86 0 0.000000 100.000000
87 366 0.810354 0.000000
88 0 0.000000 100.000000
89 0 0.000000 100.000000
90 0 0.000000 100.000000
91 0 0.000000 100.000000
92 0 0.000000 100.000000
93 0 0.000000 100.000000
94 0 0.000000 100.000000
95 0 0.000000 100.000000
96 0 0.000000 100.000000
97 75 0.823062 0.000000
98 2 0.671007 22.400000
99 22 0.767822 0.000000
100 53 0.847080 0.000000
101 65 0.827950 0.000000
102 5 0.571379 27.600000
103 0 0.000000 100.000000
104 0 0.000000 100.000000
105 0 0.000000 100.000000
106 0 0.000000 100.000000
107 0 0.000000 100.000000
108 4 0.576655 30.800000
109 1 0.093588 89.400000
110 0 0.000000 100.000000
111 115 0.786346 0.000000
112 47 0.879312 0.000000
113 0 0.000000 100.000000
114 8 0.623904 10.600000
115 1 0.802426 20.000000
116 0 0.000000 100.000000
117 0 0.000000 100.000000
118 4 0.108014 99.600000
119 0 0.000000 100.000000
120 28 0.838052 0.000000
121 0 0.000000 100.000000
122 1 0.325823 69.400000
123 1 0.611785 38.000000
124 4 0.665070 10.200000
125 1 0.331023 65.600000
126 6 0.796037 0.200000
127 4 0.902439 0.000000
128 2 0.385417 67.200000
129 0 0.000000 100.000000
130 0 0.000000 100.000000
131 0 0.000000 100.000000
132 12 0.550353 29.600000
133 3 0.888696 0.600000
134 91 0.684974 0.000000
135 33 0.790270 0.000000
136 233 0.802065 0.000000
137 26 0.660047 0.200000
138 1 0.894281 9.200000
139 2 0.328125 75.000000
140 0 0.000000 100.000000
141 0 0.000000 100.000000
142 76 0.812330 0.000000
143 0 0.000000 100.000000
144 0 0.000000 100.000000
145 0 0.000000 100.000000
146 10 0.961092 0.000000
147 0 0.000000 100.000000
148 17 0.709972 0.200000
149 5 0.418150 74.200000
150 7 0.713285 1.800000
151 0 0.000000 100.000000
152 4 0.555749 34.400000
153 0 0.000000 100.000000
154 0 0.000000 100.000000
155 0 0.000000 100.000000
156 0 0.000000 100.000000
157 0 0.000000 100.000000
158 0 0.000000 100.000000
159 0 0.000000 100.000000
160 0 0.000000 100.000000
161 0 0.000000 100.000000
162 0 0.000000 100.000000
163 0 0.000000 100.000000
164 1 0.265165 70.800000
165 0 0.000000 100.000000
166 0 0.000000 100.000000
167 0 0.000000 100.000000
168 84 0.753012 0.000000
169 8 0.791886 0.000000
170 52 0.760310 0.000000
171 29 0.803593 0.000000
172 6 0.591200 26.600000
173 3 0.413333 70.600000
174 0 0.000000 100.000000
175 21 0.760708 0.000000
176 94 0.896211 0.000000
177 0 0.000000 100.000000
178 89 0.808667 0.000000
179 81 0.797377 0.000000
180 141 0.790561 0.000000
181 65 0.910511 0.000000
182 20 0.635036 0.600000
183 278 0.832446 0.000000
184 0 0.000000 100.000000
185 0 0.000000 100.000000
186 0 0.000000 100.000000
187 9 0.770943 0.000000
188 0 0.000000 100.000000
189 0 0.000000 100.000000
190 0 0.000000 100.000000
191 0 0.000000 100.000000
192 0 0.000000 100.000000
193 0 0.000000 100.000000
194 0 0.000000 100.000000
195 1 0.478336 57.800000
196 2 0.516493 48.400000
197 0 0.000000 100.000000
198 0 0.000000 100.000000
199 2 0.639757 27.800000
200 1 0.341421 68.400000
201 0 0.000000 100.000000
202 0 0.000000 100.000000
203 1 0.029463 97.600000
204 0 0.000000 100.000000
205 0 0.000000 100.000000
206 1 0.038128 96.600000
207 0 0.000000 100.000000
208 2 0.053819 99.800000
209 1 0.154246 86.800000
210 17 0.806962 0.000000
211 0 0.000000 100.000000
212 0 0.000000 100.000000
213 23 0.776655 0.000000
214 0 0.000000 100.000000
215 0 0.000000 100.000000
216 0 0.000000 100.000000
217 0 0.000000 100.000000
218 0 0.000000 100.000000
219 0 0.000000 100.000000
220 0 0.000000 100.000000
221 0 0.000000 100.000000
222 0 0.000000 100.000000
223 0 0.000000 100.000000
224 0 0.000000 100.000000
225 0 0.000000 100.000000
226 0 0.000000 100.000000
227 0 0.000000 100.000000
228 0 0.000000 100.000000
229 0 0.000000 100.000000
230 0 0.000000 100.000000
231 0 0.000000 100.000000
232 0 0.000000 100.000000
233 0 0.000000 100.000000
234 0 0.000000 100.000000
235 0 0.000000 100.000000
236 0 0.000000 100.000000
237 0 0.000000 100.000000
238 1 0.767764 25.000000
239 0 0.000000 100.000000
240 0 0.000000 100.000000
241 0 0.000000 100.000000
242 0 0.000000 100.000000
243 0 0.000000 100.000000
244 1 0.998267 0.400000
245 4 0.831010 0.600000
246 0 0.000000 100.000000
247 0 0.000000 100.000000
248 0 0.000000 100.000000
249 0 0.000000 100.000000
250 0 0.000000 100.000000
251 0 0.000000 100.000000
252 0 0.000000 100.000000
253 0 0.000000 100.000000
254 0 0.000000 100.000000
255 0 0.000000 100.000000
256 0 0.000000 100.000000
257 0 0.000000 100.000000
258 0 0.000000 100.000000
259 0 0.000000 100.000000
260 0 0.000000 100.000000
261 0 0.000000 100.000000
262 0 0.000000 100.000000
263 0 0.000000 100.000000
264 0 0.000000 100.000000
265 0 0.000000 100.000000
266 0 0.000000 100.000000
267 0 0.000000 100.000000
268 0 0.000000 100.000000
269 0 0.000000 100.000000
270 0 0.000000 100.000000
271 0 0.000000 100.000000
272 0 0.000000 100.000000
273 487 0.852675 0.000000
274 453 0.820026 0.000000
275 14 0.647543 2.200000
276 0 0.000000 100.000000
277 28 0.715844 0.000000
278 353 0.804658 0.000000
279 52 0.835113 0.000000
280 30 0.877129 0.000000
281 26 0.901129 0.000000
282 17 0.927336 0.000000
283 4 0.418554 67.200000
284 0 0.000000 100.000000
285 0 0.000000 100.000000
286 345 0.777347 0.000000
287 6 0.566725 28.600000
288 0 0.000000 100.000000
289 0 0.000000 100.000000
290 0 0.000000 100.000000
291 0 0.000000 100.000000
292 0 0.000000 100.000000
293 7 0.933700 0.000000
294 578 0.000000 100.000000
295 9 0.729350 1.000000
296 7 0.443332 68.600000
297 8 0.798465 0.000000
298 0 0.000000 100.000000
299 408 0.784472 0.000000
300 247 0.716709 0.000000
301 550 0.774481 0.000000
302 93 0.773817 0.000000
303 0 0.000000 100.000000
304 124 0.808530 0.000000
305 3 0.267246 92.000000
306 574 0.714721 4.400000
307 0 0.000000 100.000000
308 0 0.000000 100.000000
309 0 0.000000 100.000000
310 0 0.000000 100.000000
311 0 0.000000 100.000000
312 0 0.000000 100.000000
313 0 0.000000 100.000000
314 0 0.000000 100.000000
315 0 0.000000 100.000000
316 0 0.000000 100.000000
317 0 0.000000 100.000000
318 0 0.000000 100.000000
0 0 0.000000 0.000000
