0 373 0.785601 0.000000
1 417 0.829840 0.000000
2 238 0.834590 0.000000
3 104 0.828424 0.000000
4 133 0.795269 0.000000
5 12 0.599971 11.400000
6 0 0.000000 100.000000
7 7 0.591444 19.600000
8 17 0.687113 0.400000
9 0 0.000000 100.000000
10 0 0.000000 100.000000
11 144 0.839174 0.000000
12 44 0.714036 0.000000
13 108 0.814421 0.000000
14 39 0.839970 0.000000
15 57 0.802573 0.000000
16 12 0.565371 19.800000
17 154 0.804276 0.000000
18 7 0.587691 21.800000
19 7 0.586440 21.400000
20 9 0.857059 0.000000
21 0 0.000000 100.000000
22 175 0.811868 0.000000
23 27 0.859918 0.000000
24 37 0.793725 0.000000
25 94 0.817522 0.000000
26 1 0.849220 14.800000
27 19 0.857546 0.000000
28 3 0.740870 8.800000
29 4 0.618902 20.800000
30 0 0.000000 100.000000
31 3 0.609275 25.200000
32 17 0.853832 0.000000
33 0 0.000000 100.000000
34 1 0.570191 42.600000
35 0 0.000000 100.000000
36 9 0.435657 72.400000
37 7 0.647235 10.600000
38 1 0.032929 96.200000
39 30 0.785158 0.000000
40 26 0.745750 0.000000
41 0 0.000000 100.000000
42 0 0.000000 100.000000
43 3 0.373333 76.600000
44 0 0.000000 100.000000
45 0 0.000000 100.000000
46 0 0.000000 100.000000
47 5 0.186736 99.200000
48 103 0.731283 0.000000
49 0 0.000000 100.000000
50 0 0.000000 100.000000
51 5 0.536475 41.000000
52 0 0.000000 100.000000
53 0 0.000000 100.000000
54 4 0.817073 0.600000
55 34 0.800876 0.000000
56 2 0.911458 2.400000
57 2 0.952257 0.200000
58 0 0.000000 100.000000
59 0 0.000000 100.000000
60 0 0.000000 100.000000
61 0 0.000000 100.000000
62 42 0.729033 0.000000
63 0 0.000000 100.000000
64 13 0.696392 1.000000
65 13 0.628182 5.400000
66 0 0.000000 100.000000
67 1 0.093588 90.400000
68 0 0.000000 100.000000
69 0 0.000000 100.000000
70 0 0.000000 100.000000
71 10 0.597535 11.400000
72 0 0.000000 100.000000
73 11 0.316819 98.000000
74 0 0.000000 100.000000
75 6 0.623252 11.600000
76 0 0.000000 100.000000
77 1 0.093588 92.000000
78 0 0.000000 100.000000
79 0 0.000000 100.000000
80 0 0.000000 100.000000
81 0 0.000000 100.000000
82 0 0.000000 100.000000
83 98 0.825000 0.000000
84 81 0.737611 0.000000
85 106 0.889791 0.000000
86 0 0.000000 100.000000
87 381 0.793011 0.000000
88 0 0.000000 100.000000
89 4 0.759146 2.800000
90 0 0.000000 100.000000
91 0 0.000000 100.000000
92 0 0.000000 100.000000
93 0 0.000000 100.000000
94 0 0.000000 100.000000
95 0 0.000000 100.000000
96 0 0.000000 100.000000
97 71 0.881796 0.000000
98 0 0.000000 100.000000
99 13 0.845065 0.000000
100 59 0.864537 0.000000
101 73 0.857697 0.000000
102 5 0.551134 36.600000
103 0 0.000000 100.000000
104 0 0.000000 100.000000
105 0 0.000000 100.000000
106 0 0.000000 100.000000
107 0 0.000000 100.000000
108 7 0.518139 46.200000
109 2 0.111979 95.600000
110 0 0.000000 100.000000
111 118 0.768607 0.000000
112 57 0.866081 0.000000
113 0 0.000000 100.000000
114 5 0.394415 78.000000
115 0 0.000000 100.000000
116 0 0.000000 100.000000
117 0 0.000000 100.000000
118 6 0.825758 0.000000
119 0 0.000000 100.000000
120 28 0.855649 0.000000
121 0 0.000000 100.000000
122 2 0.577257 36.000000
123 0 0.000000 100.000000
124 3 0.592464 29.200000
125 1 0.610052 37.800000
126 8 0.914474 0.000000
127 7 0.917188 0.000000
128 5 0.524956 46.000000
129 0 0.000000 100.000000
130 0 0.000000 100.000000
131 0 0.000000 100.000000
132 9 0.411053 81.400000
133 0 0.000000 100.000000
134 97 0.771245 0.000000
135 40 0.854507 0.000000
136 223 0.836367 0.000000
137 25 0.709367 0.000000
138 1 0.006932 99.000000
139 1 0.818024 18.600000
140 0 0.000000 100.000000
141 0 0.000000 100.000000
142 97 0.761365 0.000000
143 0 0.000000 100.000000
144 0 0.000000 100.000000
145 0 0.000000 100.000000
146 15 0.915927 0.000000
147 0 0.000000 100.000000
148 21 0.859280 0.000000
149 5 0.972077 0.000000
150 12 0.698763 0.600000
151 0 0.000000 100.000000
152 4 0.487369 54.600000
153 0 0.000000 100.000000
154 0 0.000000 100.000000
155 0 0.000000 100.000000
156 0 0.000000 100.000000
157 0 0.000000 100.000000
158 0 0.000000 100.000000
159 0 0.000000 100.000000
160 0 0.000000 100.000000
161 0 0.000000 100.000000
162 0 0.000000 100.000000
163 0 0.000000 100.000000
164 0 0.000000 100.000000
165 0 0.000000 100.000000
166 0 0.000000 100.000000
167 0 0.000000 100.000000
168 95 0.767353 0.000000
169 11 0.307520 99.200000
170 36 0.745797 0.000000
171 19 0.786555 0.000000
172 4 0.378484 82.000000
173 7 0.466850 59.800000
174 1 0.871750 13.400000
175 19 0.858770 0.000000
176 89 0.916018 0.000000
177 0 0.000000 100.000000
178 68 0.838033 0.000000
179 71 0.820179 0.000000
180 126 0.830261 0.000000
181 75 0.899695 0.000000
182 18 0.776687 0.000000
183 245 0.826414 0.000000
184 0 0.000000 100.000000
185 0 0.000000 100.000000
186 0 0.000000 100.000000
187 8 0.613596 14.600000
188 0 0.000000 100.000000
189 0 0.000000 100.000000
190 0 0.000000 100.000000
191 0 0.000000 100.000000
192 0 0.000000 100.000000
193 0 0.000000 100.000000
194 0 0.000000 100.000000
195 1 0.126516 88.800000
196 1 0.764298 28.000000
197 2 0.954861 0.800000
198 0 0.000000 100.000000
199 2 0.327257 76.200000
200 7 0.421316 77.200000
201 0 0.000000 100.000000
202 0 0.000000 100.000000
203 1 0.220104 79.600000
204 0 0.000000 100.000000
205 0 0.000000 100.000000
206 1 0.003466 99.800000
207 0 0.000000 100.000000
208 3 0.180870 97.200000
209 0 0.000000 100.000000
210 20 0.814337 0.000000
211 0 0.000000 100.000000
212 1 0.405546 59.000000
213 26 0.781285 0.000000
214 0 0.000000 100.000000
215 0 0.000000 100.000000
216 0 0.000000 100.000000
217 0 0.000000 100.000000
218 0 0.000000 100.000000
219 0 0.000000 100.000000
220 0 0.000000 100.000000
221 0 0.000000 100.000000
222 0 0.000000 100.000000
223 2 0.458333 54.600000
224 0 0.000000 100.000000
225 0 0.000000 100.000000
226 0 0.000000 100.000000
227 0 0.000000 100.000000
228 0 0.000000 100.000000
229 0 0.000000 100.000000
230 0 0.000000 100.000000
231 0 0.000000 100.000000
232 0 0.000000 100.000000
233 0 0.000000 100.000000
234 0 0.000000 100.000000
235 0 0.000000 100.000000
236 2 0.642361 22.800000
237 6 0.669580 10.000000
238 1 0.417678 59.600000
239 0 0.000000 100.000000
240 0 0.000000 100.000000
241 0 0.000000 100.000000
242 0 0.000000 100.000000
243 0 0.000000 100.000000
244 1 0.672444 35.000000
245 11 0.972102 0.000000
246 0 0.000000 100.000000
247 0 0.000000 100.000000
248 0 0.000000 100.000000
249 0 0.000000 100.000000
250 0 0.000000 100.000000
251 0 0.000000 100.000000
252 0 0.000000 100.000000
253 0 0.000000 100.000000
254 0 0.000000 100.000000
255 0 0.000000 100.000000
256 0 0.000000 100.000000
257 0 0.000000 100.000000
258 0 0.000000 100.000000
259 0 0.000000 100.000000
260 0 0.000000 100.000000
261 0 0.000000 100.000000
262 0 0.000000 100.000000
263 0 0.000000 100.000000
264 0 0.000000 100.000000
265 0 0.000000 100.000000
266 0 0.000000 100.000000
267 0 0.000000 100.000000
268 0 0.000000 100.000000
269 0 0.000000 100.000000
270 0 0.000000 100.000000
271 0 0.000000 100.000000
272 0 0.000000 100.000000
273 472 0.867665 0.000000
274 449 0.802231 0.000000
275 9 0.557899 29.400000
276 0 0.000000 100.000000
277 25 0.816130 0.000000
278 362 0.847631 0.000000
279 50 0.790947 0.000000
280 25 0.842459 0.000000
281 22 0.886936 0.000000
282 15 0.915690 0.000000
283 3 0.903188 0.600000
284 0 0.000000 100.000000
285 0 0.000000 100.000000
286 357 0.808928 0.000000
287 8 0.525000 43.000000
288 0 0.000000 100.000000
289 0 0.000000 100.000000
290 2 1.000000 0.000000
291 1 0.525130 47.400000
292 0 0.000000 100.000000
293 14 0.529129 37.000000
294 578 0.000000 100.000000
295 2 0.327257 76.800000
296 1 0.954939 4.000000
297 2 0.471354 57.400000
298 0 0.000000 100.000000
299 428 0.759019 0.000000
300 259 0.774549 0.000000
301 547 0.775078 0.000000
302 95 0.784701 0.000000
303 0 0.000000 100.000000
304 140 0.715492 0.000000
305 3 0.310145 85.400000
306 565 0.488359 56.000000
307 0 0.000000 100.000000
308 0 0.000000 100.000000
309 0 0.000000 100.000000
310 0 0.000000 100.000000
311 0 0.000000 100.000000
312 0 0.000000 100.000000
313 0 0.000000 100.000000
314 0 0.000000 100.000000
315 0 0.000000 100.000000
316 0 0.000000 100.000000
317 0 0.000000 100.000000
318 0 0.000000 100.000000
0 0 0.000000 0.000000
