0 358 0.780053 0.000000
1 379 0.806513 0.000000
2 220 0.821267 0.000000
3 75 0.812034 0.000000
4 118 0.792649 0.000000
5 9 0.705136 2.200000
6 0 0.000000 100.000000
7 13 0.421647 84.800000
8 13 0.624098 5.200000
9 1 0.128250 87.600000
10 0 0.000000 100.000000
11 153 0.788774 0.000000
12 47 0.729415 0.000000
13 104 0.798199 0.000000
14 45 0.850573 0.000000
15 58 0.727387 0.000000
16 16 0.659253 1.200000
17 169 0.779676 0.000000
18 4 0.429878 68.200000
19 7 0.501376 47.800000
20 4 0.998258 0.000000
21 0 0.000000 100.000000
22 173 0.838279 0.000000
23 24 0.847924 0.000000
24 34 0.831910 0.000000
25 102 0.872137 0.000000
26 2 0.581597 34.800000
27 16 0.880672 0.000000
28 2 0.355903 75.800000
29 3 0.631304 24.200000
30 0 0.000000 100.000000
31 3 0.638841 23.400000
32 16 0.764124 0.000000
33 0 0.000000 100.000000
34 4 0.779617 2.200000
35 3 0.591304 31.000000
36 12 0.497350 52.400000
37 7 0.471354 57.600000
38 1 0.166378 80.600000
39 33 0.876063 0.000000
40 28 0.718701 0.000000
41 0 0.000000 100.000000
42 0 0.000000 100.000000
43 1 0.677643 32.000000
44 0 0.000000 100.000000
45 0 0.000000 100.000000
46 0 0.000000 100.000000
47 2 0.381076 70.400000
48 84 0.779834 0.000000
49 0 0.000000 100.000000
50 0 0.000000 100.000000
51 6 0.569930 29.000000
52 0 0.000000 100.000000
53 0 0.000000 100.000000
54 3 0.363478 81.200000
55 25 0.798915 0.000000
56 3 0.497391 49.400000
57 0 0.000000 100.000000
58 1 0.925477 7.000000
59 0 0.000000 100.000000
60 0 0.000000 100.000000
61 2 0.801215 7.800000
62 33 0.761412 0.000000
63 0 0.000000 100.000000
64 14 0.458713 70.400000
65 14 0.702128 0.400000
66 0 0.000000 100.000000
67 0 0.000000 100.000000
68 0 0.000000 100.000000
69 1 0.123050 89.600000
70 0 0.000000 100.000000
71 10 0.382746 90.600000
72 1 0.405546 57.800000
73 14 0.584853 14.000000
74 0 0.000000 100.000000
75 3 0.830725 3.400000
76 0 0.000000 100.000000
77 1 0.107452 87.800000
78 0 0.000000 100.000000
79 0 0.000000 100.000000
80 0 0.000000 100.000000
81 0 0.000000 100.000000
82 0 0.000000 100.000000
83 95 0.753928 0.000000
84 70 0.738751 0.000000
85 104 0.857534 0.000000
86 0 0.000000 100.000000
87 372 0.802432 0.000000
88 0 0.000000 100.000000
89 2 0.432292 63.600000
90 0 0.000000 100.000000
91 0 0.000000 100.000000
92 0 0.000000 100.000000
93 0 0.000000 100.000000
94 0 0.000000 100.000000
95 0 0.000000 100.000000
96 0 0.000000 100.000000
97 50 0.824470 0.000000
98 0 0.000000 100.000000
99 9 0.466706 61.200000
100 41 0.790071 0.000000
101 65 0.771690 0.000000
102 3 0.705507 11.800000
103 0 0.000000 100.000000
104 0 0.000000 100.000000
105 0 0.000000 100.000000
106 0 0.000000 100.000000
107 0 0.000000 100.000000
108 9 0.475884 57.600000
109 3 0.845797 0.800000
110 0 0.000000 100.000000
111 132 0.804984 0.000000
112 62 0.855901 0.000000
113 0 0.000000 100.000000
114 7 0.443833 69.600000
115 0 0.000000 100.000000
116 0 0.000000 100.000000
117 0 0.000000 100.000000
118 1 0.994801 0.600000
119 0 0.000000 100.000000
120 28 0.738506 0.000000
121 0 0.000000 100.000000
122 0 0.000000 100.000000
123 0 0.000000 100.000000
124 5 0.957417 0.000000
125 1 0.391681 61.400000
126 6 0.434732 70.600000
127 1 0.516464 49.600000
128 2 0.760417 11.800000
129 0 0.000000 100.000000
130 0 0.000000 100.000000
131 0 0.000000 100.000000
132 7 0.608957 17.400000
133 2 0.479167 54.200000
134 95 0.765719 0.000000
135 35 0.906656 0.000000
136 212 0.821000 0.000000
137 21 0.788664 0.000000
138 0 0.000000 100.000000
139 0 0.000000 100.000000
140 0 0.000000 100.000000
141 0 0.000000 100.000000
142 71 0.744395 0.000000
143 0 0.000000 100.000000
144 0 0.000000 100.000000
145 0 0.000000 100.000000
146 14 0.789767 0.000000
147 0 0.000000 100.000000
148 16 0.702291 0.000000
149 11 0.693603 2.200000
150 8 0.665789 4.600000
151 0 0.000000 100.000000
152 3 0.927536 0.000000
153 0 0.000000 100.000000
154 0 0.000000 100.000000
155 0 0.000000 100.000000
156 0 0.000000 100.000000
157 0 0.000000 100.000000
158 0 0.000000 100.000000
159 0 0.000000 100.000000
160 0 0.000000 100.000000
161 0 0.000000 100.000000
162 0 0.000000 100.000000
163 0 0.000000 100.000000
164 0 0.000000 100.000000
165 0 0.000000 100.000000
166 0 0.000000 100.000000
167 0 0.000000 100.000000
168 96 0.793007 0.000000
169 11 0.695527 1.200000
170 49 0.849774 0.000000
171 22 0.806164 0.000000
172 4 0.391986 75.400000
173 4 0.583188 28.000000
174 1 0.793761 18.800000
175 22 0.858731 0.000000
176 101 0.889138 0.000000
177 0 0.000000 100.000000
178 78 0.810385 0.000000
179 61 0.844627 0.000000
180 124 0.795723 0.000000
181 81 0.882555 0.000000
182 19 0.847660 0.000000
183 263 0.804840 0.000000
184 0 0.000000 100.000000
185 0 0.000000 100.000000
186 0 0.000000 100.000000
187 4 0.778310 2.400000
188 0 0.000000 100.000000
189 0 0.000000 100.000000
190 0 0.000000 100.000000
191 0 0.000000 100.000000
192 0 0.000000 100.000000
193 0 0.000000 100.000000
194 0 0.000000 100.000000
195 1 0.792028 18.400000
196 0 0.000000 100.000000
197 3 0.568696 36.800000
198 0 0.000000 100.000000
199 4 0.444686 59.800000
200 3 0.529275 46.400000
201 0 0.000000 100.000000
202 0 0.000000 100.000000
203 2 0.047743 99.600000
204 0 0.000000 100.000000
205 0 0.000000 100.000000
206 0 0.000000 100.000000
207 0 0.000000 100.000000
208 3 0.320000 87.000000
209 3 0.755942 6.400000
210 18 0.855456 0.000000
211 0 0.000000 100.000000
212 0 0.000000 100.000000
213 28 0.809545 0.000000
214 0 0.000000 100.000000
215 0 0.000000 100.000000
216 0 0.000000 100.000000
217 0 0.000000 100.000000
218 0 0.000000 100.000000
219 0 0.000000 100.000000
220 0 0.000000 100.000000
221 0 0.000000 100.000000
222 0 0.000000 100.000000
223 4 0.086237 100.000000
224 0 0.000000 100.000000
225 1 0.956672 6.800000
226 0 0.000000 100.000000
227 0 0.000000 100.000000
228 0 0.000000 100.000000
229 0 0.000000 100.000000
230 0 0.000000 100.000000
231 0 0.000000 100.000000
232 0 0.000000 100.000000
233 0 0.000000 100.000000
234 0 0.000000 100.000000
235 0 0.000000 100.000000
236 1 0.538995 46.000000
237 3 0.831304 3.200000
238 2 0.848090 5.400000
239 0 0.000000 100.000000
240 0 0.000000 100.000000
241 0 0.000000 100.000000
242 0 0.000000 100.000000
243 0 0.000000 100.000000
244 1 0.925477 9.400000
245 12 0.827591 0.000000
246 0 0.000000 100.000000
247 0 0.000000 100.000000
248 0 0.000000 100.000000
249 0 0.000000 100.000000
250 0 0.000000 100.000000
251 0 0.000000 100.000000
252 0 0.000000 100.000000
253 0 0.000000 100.000000
254 0 0.000000 100.000000
255 0 0.000000 100.000000
256 0 0.000000 100.000000
257 0 0.000000 100.000000
258 0 0.000000 100.000000
259 0 0.000000 100.000000
260 0 0.000000 100.000000
261 0 0.000000 100.000000
262 0 0.000000 100.000000
263 0 0.000000 100.000000
264 0 0.000000 100.000000
265 0 0.000000 100.000000
266 0 0.000000 100.000000
267 0 0.000000 100.000000
268 0 0.000000 100.000000
269 0 0.000000 100.000000
270 0 0.000000 100.000000
271 0 0.000000 100.000000
272 0 0.000000 100.000000
273 485 0.887485 0.000000
274 451 0.813328 0.000000
275 10 0.570775 24.000000
276 0 0.000000 100.000000
277 17 0.755793 0.000000
278 356 0.844873 0.000000
279 32 0.763450 0.000000
280 25 0.804485 0.000000
281 22 0.787034 0.000000
282 13 0.769095 0.000000
283 5 0.527051 41.800000
284 0 0.000000 100.000000
285 0 0.000000 100.000000
286 343 0.772036 0.000000
287 7 0.535151 36.400000
288 0 0.000000 100.000000
289 0 0.000000 100.000000
290 1 1.000000 0.000000
291 0 0.000000 100.000000
292 0 0.000000 100.000000
293 9 0.410467 80.000000
294 577 0.941075 7.800000
295 4 0.634146 18.400000
296 4 0.610627 25.200000
297 4 0.456446 59.600000
298 0 0.000000 100.000000
299 392 0.801843 0.000000
300 218 0.746674 0.000000
301 546 0.785199 0.000000
302 89 0.809402 0.000000
303 0 0.000000 100.000000
304 114 0.695724 0.000000
305 3 0.794203 4.200000
306 571 0.680510 4.600000
307 0 0.000000 100.000000
308 0 0.000000 100.000000
309 0 0.000000 100.000000
310 0 0.000000 100.000000
311 0 0.000000 100.000000
312 0 0.000000 100.000000
313 0 0.000000 100.000000
314 0 0.000000 100.000000
315 0 0.000000 100.000000
316 0 0.000000 100.000000
317 0 0.000000 100.000000
318 0 0.000000 100.000000
0 0 0.000000 0.000000
