0 374 0.799111 0.000000
1 401 0.805190 0.000000
2 230 0.828548 0.000000
3 77 0.825596 0.000000
4 123 0.854159 0.000000
5 10 0.620951 8.400000
6 0 0.000000 100.000000
7 10 0.639789 6.800000
8 14 0.876266 0.000000
9 0 0.000000 100.000000
10 0 0.000000 100.000000
11 147 0.805736 0.000000
12 44 0.733104 0.000000
13 108 0.832309 0.000000
14 41 0.823409 0.000000
15 55 0.847836 0.000000
16 9 0.617458 11.400000
17 162 0.830826 0.000000
18 4 0.527003 39.800000
19 6 0.533800 38.000000
20 4 0.972561 0.000000
21 0 0.000000 100.000000
22 168 0.829181 0.000000
23 20 0.762366 0.000000
24 29 0.804032 0.000000
25 97 0.877210 0.000000
26 3 0.582029 31.400000
27 15 0.772765 0.000000
28 5 0.293543 94.200000
29 5 0.471204 55.200000
30 0 0.000000 100.000000
31 1 0.781629 17.200000
32 21 0.834060 0.000000
33 0 0.000000 100.000000
34 3 0.416812 67.000000
35 1 0.554593 43.400000
36 4 0.433362 65.400000
37 6 0.470280 60.200000
38 1 0.823224 17.400000
39 25 0.841013 0.000000
40 20 0.769892 0.000000
41 0 0.000000 100.000000
42 0 0.000000 100.000000
43 0 0.000000 100.000000
44 0 0.000000 100.000000
45 0 0.000000 100.000000
46 0 0.000000 100.000000
47 1 0.303293 68.200000
48 87 0.837278 0.000000
49 0 0.000000 100.000000
50 0 0.000000 100.000000
51 10 0.532923 38.000000
52 0 0.000000 100.000000
53 0 0.000000 100.000000
54 4 0.432927 64.200000
55 24 0.879362 0.000000
56 7 0.299224 96.600000
57 1 0.807626 20.800000
58 0 0.000000 100.000000
59 0 0.000000 100.000000
60 0 0.000000 100.000000
61 2 0.920139 2.000000
62 33 0.805783 0.000000
63 1 0.331023 67.000000
64 10 0.727465 0.600000
65 11 0.629630 6.400000
66 0 0.000000 100.000000
67 2 0.344618 77.400000
68 0 0.000000 100.000000
69 0 0.000000 100.000000
70 0 0.000000 100.000000
71 10 0.628697 7.200000
72 0 0.000000 100.000000
73 11 0.621773 7.400000
74 0 0.000000 100.000000
75 3 0.775072 6.000000
76 0 0.000000 100.000000
77 0 0.000000 100.000000
78 0 0.000000 100.000000
79 0 0.000000 100.000000
80 0 0.000000 100.000000
81 0 0.000000 100.000000
82 0 0.000000 100.000000
83 112 0.771996 0.000000
84 63 0.752874 0.000000
85 108 0.908038 0.000000
86 0 0.000000 100.000000
87 373 0.815968 0.000000
88 0 0.000000 100.000000
89 0 0.000000 100.000000
90 0 0.000000 100.000000
91 0 0.000000 100.000000
92 0 0.000000 100.000000
93 0 0.000000 100.000000
94 0 0.000000 100.000000
95 0 0.000000 100.000000
96 0 0.000000 100.000000
97 63 0.877393 0.000000
98 0 0.000000 100.000000
99 14 0.781788 0.000000
100 51 0.862113 0.000000
101 73 0.876278 0.000000
102 3 0.568116 34.600000
103 0 0.000000 100.000000
104 0 0.000000 100.000000
105 0 0.000000 100.000000
106 0 0.000000 100.000000
107 1 0.377816 62.600000
108 7 0.500375 47.800000
109 4 0.358449 83.800000
110 0 0.000000 100.000000
111 128 0.808281 0.000000
112 63 0.914255 0.000000
113 0 0.000000 100.000000
114 5 0.443630 67.200000
115 0 0.000000 100.000000
116 0 0.000000 100.000000
117 0 0.000000 100.000000
118 2 0.939236 1.000000
119 0 0.000000 100.000000
120 23 0.786056 0.000000
121 0 0.000000 100.000000
122 3 0.303188 87.000000
123 0 0.000000 100.000000
124 3 0.551884 37.600000
125 0 0.000000 100.000000
126 6 0.975816 0.000000
127 3 0.668986 14.600000
128 2 0.643229 24.800000
129 0 0.000000 100.000000
130 0 0.000000 100.000000
131 0 0.000000 100.000000
132 8 0.698904 2.200000
133 0 0.000000 100.000000
134 98 0.780463 0.000000
135 37 0.855623 0.000000
136 230 0.838968 0.000000
137 25 0.825967 0.000000
138 3 0.269565 91.200000
139 4 0.254355 93.800000
140 0 0.000000 100.000000
141 0 0.000000 100.000000
142 90 0.747154 0.000000
143 0 0.000000 100.000000
144 0 0.000000 100.000000
145 0 0.000000 100.000000
146 13 0.817971 0.000000
147 0 0.000000 100.000000
148 31 0.797901 0.000000
149 6 0.780594 1.200000
150 16 0.618439 6.200000
151 0 0.000000 100.000000
152 2 0.687500 19.400000
153 0 0.000000 100.000000
154 0 0.000000 100.000000
155 0 0.000000 100.000000
156 0 0.000000 100.000000
157 0 0.000000 100.000000
158 0 0.000000 100.000000
159 0 0.000000 100.000000
160 0 0.000000 100.000000
161 0 0.000000 100.000000
162 0 0.000000 100.000000
163 0 0.000000 100.000000
164 1 0.168111 83.200000
165 0 0.000000 100.000000
166 0 0.000000 100.000000
167 0 0.000000 100.000000
168 98 0.764966 0.000000
169 8 0.698904 2.800000
170 59 0.828647 0.000000
171 28 0.896948 0.000000
172 7 0.550163 30.800000
173 1 0.746967 24.200000
174 0 0.000000 100.000000
175 21 0.740190 0.000000
176 102 0.902620 0.000000
177 0 0.000000 100.000000
178 80 0.867846 0.000000
179 77 0.834176 0.000000
180 123 0.801251 0.000000
181 79 0.849420 0.000000
182 24 0.731799 0.000000
183 267 0.837434 0.000000
184 0 0.000000 100.000000
185 0 0.000000 100.000000
186 0 0.000000 100.000000
187 8 0.633333 9.200000
188 0 0.000000 100.000000
189 0 0.000000 100.000000
190 0 0.000000 100.000000
191 0 0.000000 100.000000
192 0 0.000000 100.000000
193 0 0.000000 100.000000
194 0 0.000000 100.000000
195 1 0.788562 20.800000
196 1 0.800693 19.800000
197 2 0.488715 56.200000
198 0 0.000000 100.000000
199 5 0.567888 29.400000
200 7 0.610958 17.200000
201 0 0.000000 100.000000
202 0 0.000000 100.000000
203 1 0.492201 47.000000
204 0 0.000000 100.000000
205 0 0.000000 100.000000
206 0 0.000000 100.000000
207 0 0.000000 100.000000
208 1 0.970537 2.200000
209 0 0.000000 100.000000
210 19 0.818379 0.000000
211 0 0.000000 100.000000
212 1 0.795494 22.000000
213 23 0.795926 0.000000
214 0 0.000000 100.000000
215 0 0.000000 100.000000
216 0 0.000000 100.000000
217 0 0.000000 100.000000
218 0 0.000000 100.000000
219 0 0.000000 100.000000
220 0 0.000000 100.000000
221 0 0.000000 100.000000
222 0 0.000000 100.000000
223 1 0.509532 52.400000
224 0 0.000000 100.000000
225 0 0.000000 100.000000
226 0 0.000000 100.000000
227 0 0.000000 100.000000
228 0 0.000000 100.000000
229 0 0.000000 100.000000
230 0 0.000000 100.000000
231 0 0.000000 100.000000
232 0 0.000000 100.000000
233 0 0.000000 100.000000
234 0 0.000000 100.000000
235 0 0.000000 100.000000
236 0 0.000000 100.000000
237 1 0.942808 5.400000
238 2 0.901042 2.600000
239 0 0.000000 100.000000
240 0 0.000000 100.000000
241 0 0.000000 100.000000
242 0 0.000000 100.000000
243 0 0.000000 100.000000
244 2 0.980903 0.000000
245 5 0.869459 0.000000
246 0 0.000000 100.000000
247 0 0.000000 100.000000
248 0 0.000000 100.000000
249 0 0.000000 100.000000
250 0 0.000000 100.000000
251 0 0.000000 100.000000
252 0 0.000000 100.000000
253 0 0.000000 100.000000
254 0 0.000000 100.000000
255 0 0.000000 100.000000
256 0 0.000000 100.000000
257 0 0.000000 100.000000
258 0 0.000000 100.000000
259 0 0.000000 100.000000
260 0 0.000000 100.000000
261 0 0.000000 100.000000
262 0 0.000000 100.000000
263 0 0.000000 100.000000
264 0 0.000000 100.000000
265 0 0.000000 100.000000
266 0 0.000000 100.000000
267 0 0.000000 100.000000
268 0 0.000000 100.000000
269 0 0.000000 100.000000
270 0 0.000000 100.000000
271 0 0.000000 100.000000
272 0 0.000000 100.000000
273 486 0.885243 0.000000
274 445 0.797043 0.000000
275 2 0.453993 60.400000
276 0 0.000000 100.000000
277 16 0.795151 0.000000
278 353 0.818533 0.000000
279 45 0.900229 0.000000
280 19 0.741832 0.000000
281 18 0.816667 0.000000
282 12 0.798439 0.200000
283 6 0.541375 34.800000
284 0 0.000000 100.000000
285 0 0.000000 100.000000
286 366 0.786537 0.000000
287 8 0.706579 1.600000
288 0 0.000000 100.000000
289 0 0.000000 100.000000
290 0 0.000000 100.000000
291 1 0.259965 71.000000
292 0 0.000000 100.000000
293 10 0.728345 0.400000
294 578 0.000000 100.000000
295 3 0.649855 21.000000
296 3 0.318841 87.400000
297 3 0.614493 27.000000
298 0 0.000000 100.000000
299 422 0.769231 0.000000
300 246 0.742764 0.000000
301 552 0.812291 0.000000
302 81 0.831160 0.000000
303 0 0.000000 100.000000
304 126 0.747542 0.000000
305 6 0.470280 60.200000
306 571 0.612209 13.200000
307 0 0.000000 100.000000
308 0 0.000000 100.000000
309 0 0.000000 100.000000
310 0 0.000000 100.000000
311 0 0.000000 100.000000
312 0 0.000000 100.000000
313 0 0.000000 100.000000
314 0 0.000000 100.000000
315 0 0.000000 100.000000
316 0 0.000000 100.000000
317 0 0.000000 100.000000
318 0 0.000000 100.000000
0 0 0.000000 0.000000
