0 388 0.794452 0.000000
1 414 0.815114 0.000000
2 257 0.818745 0.000000
3 92 0.856213 0.000000
4 132 0.829851 0.000000
5 7 0.336252 93.400000
6 0 0.000000 100.000000
7 8 0.561842 27.200000
8 16 0.710187 0.000000
9 1 0.402080 59.200000
10 0 0.000000 100.000000
11 154 0.788593 0.000000
12 43 0.710237 0.000000
13 118 0.796518 0.000000
14 40 0.793634 0.000000
15 68 0.732987 0.000000
16 15 0.710953 0.200000
17 149 0.852239 0.000000
18 8 0.596272 19.400000
19 3 0.811594 4.200000
20 4 0.804443 1.800000
21 0 0.000000 100.000000
22 172 0.798144 0.000000
23 19 0.726485 0.000000
24 29 0.701903 0.000000
25 104 0.829743 0.000000
26 4 0.553571 37.800000
27 14 0.822948 0.000000
28 7 0.780836 0.400000
29 7 0.479860 55.400000
30 0 0.000000 100.000000
31 3 0.655652 19.000000
32 11 0.906365 0.000000
33 0 0.000000 100.000000
34 6 0.572552 31.000000
35 0 0.000000 100.000000
36 10 0.654754 3.600000
37 3 0.801739 4.600000
38 1 0.984402 1.600000
39 19 0.830713 0.000000
40 18 0.721230 0.000000
41 0 0.000000 100.000000
42 1 0.265165 71.400000
43 1 0.734835 25.600000
44 0 0.000000 100.000000
45 0 0.000000 100.000000
46 0 0.000000 100.000000
47 4 0.566638 32.200000
48 114 0.776902 0.000000
49 0 0.000000 100.000000
50 0 0.000000 100.000000
51 4 0.610627 20.600000
52 0 0.000000 100.000000
53 1 0.232236 79.600000
54 3 0.383188 72.400000
55 34 0.843101 0.000000
56 2 0.285590 82.600000
57 1 0.712305 26.600000
58 0 0.000000 100.000000
59 0 0.000000 100.000000
60 0 0.000000 100.000000
61 1 0.771231 22.400000
62 38 0.821540 0.000000
63 2 0.345486 76.800000
64 11 0.691037 2.400000
65 13 0.772771 0.000000
66 0 0.000000 100.000000
67 4 0.682491 8.400000
68 0 0.000000 100.000000
69 1 0.336222 61.800000
70 0 0.000000 100.000000
71 14 0.425785 80.400000
72 1 0.428076 55.600000
73 17 0.578694 14.800000
74 0 0.000000 100.000000
75 8 0.569956 26.000000
76 0 0.000000 100.000000
77 0 0.000000 100.000000
78 0 0.000000 100.000000
79 0 0.000000 100.000000
80 0 0.000000 100.000000
81 0 0.000000 100.000000
82 0 0.000000 100.000000
83 97 0.791457 0.000000
84 91 0.786312 0.000000
85 105 0.908386 0.000000
86 0 0.000000 100.000000
87 382 0.810343 0.000000
88 0 0.000000 100.000000
89 3 0.667826 18.200000
90 0 0.000000 100.000000
91 0 0.000000 100.000000
92 0 0.000000 100.000000
93 0 0.000000 100.000000
94 0 0.000000 100.000000
95 0 0.000000 100.000000
96 0 0.000000 100.000000
97 73 0.788173 0.000000
98 0 0.000000 100.000000
99 13 0.603404 10.200000
100 62 0.795949 0.000000
101 65 0.839736 0.000000
102 3 0.543188 43.200000
103 0 0.000000 100.000000
104 0 0.000000 100.000000
105 0 0.000000 100.000000
106 0 0.000000 100.000000
107 0 0.000000 100.000000
108 9 0.400117 84.600000
109 0 0.000000 100.000000
110 1 0.956672 4.200000
111 116 0.787636 0.000000
112 50 0.915568 0.000000
113 0 0.000000 100.000000
114 5 0.667016 11.800000
115 0 0.000000 100.000000
116 0 0.000000 100.000000
117 0 0.000000 100.000000
118 6 0.877914 0.200000
119 3 0.505507 49.400000
120 25 0.780687 0.000000
121 0 0.000000 100.000000
122 3 0.855072 0.800000
123 0 0.000000 100.000000
124 1 0.880416 13.600000
125 0 0.000000 100.000000
126 6 0.852273 0.000000
127 7 0.844383 0.000000
128 4 0.423345 65.000000
129 0 0.000000 100.000000
130 0 0.000000 100.000000
131 0 0.000000 100.000000
132 13 0.484411 56.200000
133 2 0.457465 60.200000
134 115 0.738736 0.000000
135 41 0.834128 0.000000
136 242 0.821392 0.000000
137 31 0.797547 0.000000
138 3 0.530435 42.400000
139 3 0.205217 97.200000
140 0 0.000000 100.000000
141 0 0.000000 100.000000
142 79 0.743842 0.000000
143 0 0.000000 100.000000
144 0 0.000000 100.000000
145 0 0.000000 100.000000
146 19 0.876000 0.000000
147 0 0.000000 100.000000
148 14 0.810410 0.000000
149 6 0.711538 4.200000
150 6 0.711247 3.400000
151 0 0.000000 100.000000
152 3 0.447536 61.600000
153 0 0.000000 100.000000
154 0 0.000000 100.000000
155 0 0.000000 100.000000
156 0 0.000000 100.000000
157 0 0.000000 100.000000
158 0 0.000000 100.000000
159 0 0.000000 100.000000
160 0 0.000000 100.000000
161 0 0.000000 100.000000
162 0 0.000000 100.000000
163 0 0.000000 100.000000
164 0 0.000000 100.000000
165 0 0.000000 100.000000
166 0 0.000000 100.000000
167 0 0.000000 100.000000
168 98 0.782462 0.000000
169 7 0.736302 1.600000
170 51 0.845184 0.000000
171 21 0.801744 0.000000
172 4 0.289199 91.600000
173 1 0.008666 99.400000
174 1 0.623917 37.000000
175 20 0.886738 0.000000
176 87 0.874663 0.000000
177 0 0.000000 100.000000
178 80 0.865562 0.000000
179 80 0.776180 0.000000
180 124 0.834446 0.000000
181 63 0.911173 0.000000
182 20 0.792473 0.000000
183 255 0.834080 0.000000
184 0 0.000000 100.000000
185 0 0.000000 100.000000
186 0 0.000000 100.000000
187 12 0.515901 39.800000
188 0 0.000000 100.000000
189 0 0.000000 100.000000
190 0 0.000000 100.000000
191 0 0.000000 100.000000
192 0 0.000000 100.000000
193 0 0.000000 100.000000
194 0 0.000000 100.000000
195 4 0.613240 22.000000
196 0 0.000000 100.000000
197 3 0.481739 56.200000
198 0 0.000000 100.000000
199 0 0.000000 100.000000
200 3 0.211594 95.800000
201 0 0.000000 100.000000
202 0 0.000000 100.000000
203 1 0.032929 97.000000
204 0 0.000000 100.000000
205 0 0.000000 100.000000
206 0 0.000000 100.000000
207 0 0.000000 100.000000
208 5 0.191972 99.200000
209 1 0.247834 77.600000
210 19 0.846248 0.000000
211 0 0.000000 100.000000
212 0 0.000000 100.000000
213 27 0.856490 0.000000
214 0 0.000000 100.000000
215 0 0.000000 100.000000
216 0 0.000000 100.000000
217 0 0.000000 100.000000
218 0 0.000000 100.000000
219 0 0.000000 100.000000
220 0 0.000000 100.000000
221 0 0.000000 100.000000
222 0 0.000000 100.000000
223 1 0.672444 33.800000
224 0 0.000000 100.000000
225 1 0.772964 21.800000
226 0 0.000000 100.000000
227 0 0.000000 100.000000
228 0 0.000000 100.000000
229 0 0.000000 100.000000
230 0 0.000000 100.000000
231 0 0.000000 100.000000
232 0 0.000000 100.000000
233 0 0.000000 100.000000
234 0 0.000000 100.000000
235 0 0.000000 100.000000
236 1 0.459272 55.200000
237 4 0.935976 0.000000
238 2 0.500868 50.800000
239 0 0.000000 100.000000
240 0 0.000000 100.000000
241 0 0.000000 100.000000
242 0 0.000000 100.000000
243 0 0.000000 100.000000
244 1 0.457539 52.800000
245 8 0.926535 0.000000
246 0 0.000000 100.000000
247 0 0.000000 100.000000
248 0 0.000000 100.000000
249 0 0.000000 100.000000
250 0 0.000000 100.000000
251 0 0.000000 100.000000
252 0 0.000000 100.000000
253 0 0.000000 100.000000
254 0 0.000000 100.000000
255 0 0.000000 100.000000
256 0 0.000000 100.000000
257 0 0.000000 100.000000
258 0 0.000000 100.000000
259 0 0.000000 100.000000
260 0 0.000000 100.000000
261 1 0.561525 45.000000
262 0 0.000000 100.000000
263 0 0.000000 100.000000
264 0 0.000000 100.000000
265 0 0.000000 100.000000
266 0 0.000000 100.000000
267 0 0.000000 100.000000
268 0 0.000000 100.000000
269 0 0.000000 100.000000
270 0 0.000000 100.000000
271 0 0.000000 100.000000
272 0 0.000000 100.000000
273 456 0.899770 0.000000
274 454 0.780500 0.000000
275 15 0.721729 0.400000
276 0 0.000000 100.000000
277 28 0.818961 0.000000
278 352 0.775694 0.000000
279 45 0.796456 0.000000
280 21 0.838506 0.000000
281 14 0.856130 0.000000
282 9 0.913689 0.000000
283 4 0.554878 38.400000
284 0 0.000000 100.000000
285 0 0.000000 100.000000
286 352 0.774449 0.000000
287 10 0.439437 71.400000
288 0 0.000000 100.000000
289 0 0.000000 100.000000
290 1 0.398614 57.600000
291 0 0.000000 100.000000
292 0 0.000000 100.000000
293 9 0.709432 1.400000
294 578 0.000000 100.000000
295 7 0.741806 1.400000
296 6 0.510781 46.600000
297 7 0.665249 7.000000
298 0 0.000000 100.000000
299 428 0.786215 0.000000
300 251 0.759092 0.000000
301 548 0.725426 0.000000
302 100 0.804184 0.000000
303 0 0.000000 100.000000
304 155 0.742180 0.000000
305 2 0.694444 16.000000
306 570 0.778509 0.400000
307 0 0.000000 100.000000
308 0 0.000000 100.000000
309 0 0.000000 100.000000
310 0 0.000000 100.000000
311 0 0.000000 100.000000
312 0 0.000000 100.000000
313 0 0.000000 100.000000
314 0 0.000000 100.000000
315 0 0.000000 100.000000
316 0 0.000000 100.000000
317 0 0.000000 100.000000
318 0 0.000000 100.000000
0 0 0.000000 0.000000
