0 374 0.767655 0.000000
1 402 0.802663 0.000000
2 213 0.819371 0.000000
3 66 0.771751 0.000000
4 121 0.789301 0.000000
5 13 0.519265 42.000000
6 0 0.000000 100.000000
7 13 0.397277 89.000000
8 17 0.708818 0.200000
9 0 0.000000 100.000000
10 0 0.000000 100.000000
11 136 0.807809 0.000000
12 33 0.681179 0.000000
13 108 0.820469 0.000000
14 31 0.746064 0.000000
15 57 0.720477 0.000000
16 12 0.677856 2.800000
17 160 0.816358 0.000000
18 5 0.614311 18.800000
19 4 0.710801 8.200000
20 5 0.839442 0.200000
21 0 0.000000 100.000000
22 176 0.791002 0.000000
23 22 0.677649 0.200000
24 39 0.811236 0.000000
25 102 0.827051 0.000000
26 2 0.799479 7.200000
27 22 0.936069 0.000000
28 0 0.000000 100.000000
29 8 0.663377 5.600000
30 0 0.000000 100.000000
31 5 0.569634 29.200000
32 20 0.935036 0.000000
33 0 0.000000 100.000000
34 4 0.740854 5.400000
35 1 0.757366 23.200000
36 5 0.791623 1.200000
37 4 0.679443 12.400000
38 3 0.608116 28.000000
39 23 0.866667 0.000000
40 21 0.707959 0.200000
41 0 0.000000 100.000000
42 1 0.641248 36.600000
43 1 0.114385 88.800000
44 0 0.000000 100.000000
45 0 0.000000 100.000000
46 0 0.000000 100.000000
47 1 0.320624 68.600000
48 92 0.752147 0.000000
49 0 0.000000 100.000000
50 0 0.000000 100.000000
51 5 0.833508 0.000000
52 0 0.000000 100.000000
53 2 0.242188 88.400000
54 9 0.289006 98.600000
55 27 0.778652 0.000000
56 5 0.645375 14.000000
57 1 0.577123 45.800000
58 1 0.960139 3.800000
59 0 0.000000 100.000000
60 0 0.000000 100.000000
61 1 0.949740 4.600000
62 40 0.751441 0.000000
63 2 0.350694 74.200000
64 17 0.721611 0.000000
65 19 0.660672 0.600000
66 0 0.000000 100.000000
67 1 0.247834 76.200000
68 0 0.000000 100.000000
69 2 0.142361 97.800000
70 0 0.000000 100.000000
71 8 0.461184 62.400000
72 0 0.000000 100.000000
73 16 0.776802 0.000000
74 0 0.000000 100.000000
75 8 0.731360 1.400000
76 0 0.000000 100.000000
77 0 0.000000 100.000000
78 0 0.000000 100.000000
79 0 0.000000 100.000000
80 0 0.000000 100.000000
81 0 0.000000 100.000000
82 0 0.000000 100.000000
83 114 0.772686 0.000000
84 71 0.693558 0.000000
85 107 0.901125 0.000000
86 0 0.000000 100.000000
87 385 0.809030 0.000000
88 0 0.000000 100.000000
89 2 0.638021 28.200000
90 0 0.000000 100.000000
91 0 0.000000 100.000000
92 0 0.000000 100.000000
93 0 0.000000 100.000000
94 0 0.000000 100.000000
95 0 0.000000 100.000000
96 0 0.000000 100.000000
97 83 0.808519 0.000000
98 0 0.000000 100.000000
99 24 0.652677 0.600000
100 61 0.819831 0.000000
101 67 0.864328 0.000000
102 3 0.663188 18.200000
103 0 0.000000 100.000000
104 0 0.000000 100.000000
105 0 0.000000 100.000000
106 0 0.000000 100.000000
107 0 0.000000 100.000000
108 4 0.743467 4.400000
109 6 0.313811 94.200000
110 0 0.000000 100.000000
111 125 0.734887 0.000000
112 67 0.888250 0.000000
113 0 0.000000 100.000000
114 3 0.928696 0.000000
115 0 0.000000 100.000000
116 0 0.000000 100.000000
117 0 0.000000 100.000000
118 1 1.000000 0.200000
119 1 0.305026 70.000000
120 21 0.919808 0.000000
121 0 0.000000 100.000000
122 2 0.507812 51.200000
123 0 0.000000 100.000000
124 2 0.558160 39.400000
125 0 0.000000 100.000000
126 5 0.705759 5.400000
127 6 0.657343 11.400000
128 2 0.361979 75.800000
129 0 0.000000 100.000000
130 0 0.000000 100.000000
131 0 0.000000 100.000000
132 10 0.748063 0.000000
133 2 0.699653 20.400000
134 116 0.755840 0.000000
135 33 0.803392 0.000000
136 240 0.825160 0.000000
137 35 0.724651 0.000000
138 1 0.032929 96.200000
139 5 0.235602 98.600000
140 0 0.000000 100.000000
141 0 0.000000 100.000000
142 81 0.787540 0.000000
143 0 0.000000 100.000000
144 0 0.000000 100.000000
145 0 0.000000 100.000000
146 16 0.485543 57.400000
147 0 0.000000 100.000000
148 16 0.826179 0.000000
149 12 0.813751 0.000000
150 8 0.844737 0.000000
151 0 0.000000 100.000000
152 3 0.696232 15.000000
153 0 0.000000 100.000000
154 0 0.000000 100.000000
155 0 0.000000 100.000000
156 0 0.000000 100.000000
157 0 0.000000 100.000000
158 0 0.000000 100.000000
159 0 0.000000 100.000000
160 0 0.000000 100.000000
161 0 0.000000 100.000000
162 0 0.000000 100.000000
163 0 0.000000 100.000000
164 1 0.176776 81.200000
165 0 0.000000 100.000000
166 0 0.000000 100.000000
167 0 0.000000 100.000000
168 92 0.797526 0.000000
169 9 0.704745 1.800000
170 55 0.758908 0.000000
171 29 0.842095 0.000000
172 5 0.368237 84.400000
173 3 0.820290 2.200000
174 1 0.915078 8.600000
175 19 0.861595 0.000000
176 96 0.896049 0.000000
177 0 0.000000 100.000000
178 82 0.834210 0.000000
179 72 0.805418 0.000000
180 109 0.830050 0.000000
181 76 0.860925 0.000000
182 29 0.770680 0.000000
183 253 0.828386 0.000000
184 0 0.000000 100.000000
185 0 0.000000 100.000000
186 1 0.923744 7.800000
187 9 0.623316 10.800000
188 0 0.000000 100.000000
189 0 0.000000 100.000000
190 0 0.000000 100.000000
191 0 0.000000 100.000000
192 0 0.000000 100.000000
193 0 0.000000 100.000000
194 0 0.000000 100.000000
195 3 0.455072 62.600000
196 0 0.000000 100.000000
197 3 0.333913 81.600000
198 0 0.000000 100.000000
199 5 0.524607 40.400000
200 3 0.364638 79.000000
201 0 0.000000 100.000000
202 0 0.000000 100.000000
203 0 0.000000 100.000000
204 0 0.000000 100.000000
205 0 0.000000 100.000000
206 0 0.000000 100.000000
207 0 0.000000 100.000000
208 3 0.478261 56.400000
209 2 0.569444 39.800000
210 20 0.811290 0.000000
211 0 0.000000 100.000000
212 0 0.000000 100.000000
213 28 0.766818 0.000000
214 0 0.000000 100.000000
215 0 0.000000 100.000000
216 0 0.000000 100.000000
217 0 0.000000 100.000000
218 0 0.000000 100.000000
219 0 0.000000 100.000000
220 0 0.000000 100.000000
221 0 0.000000 100.000000
222 0 0.000000 100.000000
223 3 0.493913 52.800000
224 0 0.000000 100.000000
225 0 0.000000 100.000000
226 0 0.000000 100.000000
227 0 0.000000 100.000000
228 0 0.000000 100.000000
229 0 0.000000 100.000000
230 0 0.000000 100.000000
231 0 0.000000 100.000000
232 0 0.000000 100.000000
233 0 0.000000 100.000000
234 0 0.000000 100.000000
235 0 0.000000 100.000000
236 2 0.297743 82.200000
237 5 0.870506 0.200000
238 1 0.500867 46.600000
239 0 0.000000 100.000000
240 0 0.000000 100.000000
241 0 0.000000 100.000000
242 0 0.000000 100.000000
243 0 0.000000 100.000000
244 1 0.937608 6.800000
245 9 0.983792 0.000000
246 0 0.000000 100.000000
247 0 0.000000 100.000000
248 0 0.000000 100.000000
249 0 0.000000 100.000000
250 0 0.000000 100.000000
251 0 0.000000 100.000000
252 0 0.000000 100.000000
253 0 0.000000 100.000000
254 0 0.000000 100.000000
255 0 0.000000 100.000000
256 0 0.000000 100.000000
257 0 0.000000 100.000000
258 0 0.000000 100.000000
259 0 0.000000 100.000000
260 0 0.000000 100.000000
261 0 0.000000 100.000000
262 0 0.000000 100.000000
263 0 0.000000 100.000000
264 0 0.000000 100.000000
265 0 0.000000 100.000000
266 0 0.000000 100.000000
267 0 0.000000 100.000000
268 0 0.000000 100.000000
269 0 0.000000 100.000000
270 0 0.000000 100.000000
271 0 0.000000 100.000000
272 0 0.000000 100.000000
273 476 0.875494 0.000000
274 437 0.795576 0.000000
275 9 0.362820 90.800000
276 0 0.000000 100.000000
277 26 0.784560 0.000000
278 337 0.809190 0.000000
279 45 0.804586 0.000000
280 23 0.804544 0.000000
281 17 0.860019 0.000000
282 11 0.881193 0.000000
283 7 0.528897 40.800000
284 0 0.000000 100.000000
285 0 0.000000 100.000000
286 357 0.790905 0.000000
287 10 0.576056 18.400000
288 0 0.000000 100.000000
289 0 0.000000 100.000000
290 2 0.361979 73.800000
291 0 0.000000 100.000000
292 0 0.000000 100.000000
293 15 0.678863 1.400000
294 578 0.000000 100.000000
295 5 0.412565 77.600000
296 5 0.574520 33.200000
297 4 0.678571 12.000000
298 0 0.000000 100.000000
299 418 0.824208 0.000000
300 236 0.817474 0.000000
301 550 0.806299 0.000000
302 95 0.802899 0.000000
303 0 0.000000 100.000000
304 122 0.676319 0.000000
305 3 0.550145 33.800000
306 572 0.775932 1.400000
307 0 0.000000 100.000000
308 0 0.000000 100.000000
309 0 0.000000 100.000000
310 0 0.000000 100.000000
311 0 0.000000 100.000000
312 0 0.000000 100.000000
313 0 0.000000 100.000000
314 0 0.000000 100.000000
315 0 0.000000 100.000000
316 0 0.000000 100.000000
317 0 0.000000 100.000000
318 0 0.000000 100.000000
0 0 0.000000 0.000000
