0 348 0.796339 0.000000
1 411 0.837988 0.000000
2 218 0.822770 0.000000
3 86 0.837824 0.000000
4 135 0.824446 0.000000
5 7 0.781836 0.600000
6 0 0.000000 100.000000
7 12 0.421525 83.200000
8 20 0.733961 0.000000
9 1 0.844021 14.600000
10 0 0.000000 100.000000
11 150 0.847321 0.000000
12 49 0.726477 0.000000
13 109 0.830109 0.000000
14 39 0.867989 0.000000
15 62 0.783415 0.000000
16 11 0.729357 0.200000
17 178 0.836545 0.000000
18 5 0.578709 26.000000
19 3 0.336812 85.200000
20 11 0.780343 0.000000
21 0 0.000000 100.000000
22 197 0.811890 0.000000
23 30 0.801946 0.000000
24 36 0.825185 0.000000
25 115 0.823439 0.000000
26 1 0.091854 89.400000
27 23 0.726361 0.000000
28 1 0.979203 2.400000
29 9 0.594806 16.600000
30 0 0.000000 100.000000
31 2 0.764757 11.400000
32 23 0.907795 0.000000
33 0 0.000000 100.000000
34 4 0.666376 13.000000
35 0 0.000000 100.000000
36 10 0.513028 48.800000
37 3 0.254493 91.600000
38 2 0.519097 46.600000
39 33 0.853823 0.000000
40 23 0.775872 0.000000
41 0 0.000000 100.000000
42 0 0.000000 100.000000
43 1 0.285962 71.400000
44 0 0.000000 100.000000
45 0 0.000000 100.000000
46 0 0.000000 100.000000
47 1 0.570191 44.000000
48 89 0.819926 0.000000
49 0 0.000000 100.000000
50 0 0.000000 100.000000
51 6 0.618881 15.200000
52 0 0.000000 100.000000
53 0 0.000000 100.000000
54 5 0.504363 47.600000
55 27 0.829334 0.000000
56 5 0.425131 70.200000
57 1 0.441941 55.400000
58 1 0.897747 10.800000
59 0 0.000000 100.000000
60 0 0.000000 100.000000
61 0 0.000000 100.000000
62 34 0.717777 0.000000
63 0 0.000000 100.000000
64 7 0.731549 1.400000
65 7 0.437578 71.000000
66 0 0.000000 100.000000
67 3 0.510145 48.000000
68 0 0.000000 100.000000
69 1 0.123050 88.600000
70 0 0.000000 100.000000
71 5 0.352531 85.800000
72 0 0.000000 100.000000
73 10 0.727289 0.600000
74 1 0.559792 42.200000
75 5 0.817103 0.400000
76 0 0.000000 100.000000
77 1 0.145581 83.600000
78 0 0.000000 100.000000
79 0 0.000000 100.000000
80 0 0.000000 100.000000
81 0 0.000000 100.000000
82 0 0.000000 100.000000
83 96 0.749373 0.000000
84 71 0.725894 0.000000
85 99 0.882647 0.000000
86 0 0.000000 100.000000
87 360 0.801593 0.000000
88 0 0.000000 100.000000
89 5 0.904712 0.000000
90 0 0.000000 100.000000
91 0 0.000000 100.000000
92 0 0.000000 100.000000
93 0 0.000000 100.000000
94 0 0.000000 100.000000
95 0 0.000000 100.000000
96 0 0.000000 100.000000
97 62 0.872749 0.000000
98 0 0.000000 100.000000
99 15 0.770634 0.000000
100 47 0.885643 0.000000
101 80 0.827510 0.000000
102 1 0.471404 52.800000
103 0 0.000000 100.000000
104 0 0.000000 100.000000
105 0 0.000000 100.000000
106 0 0.000000 100.000000
107 1 0.674177 34.800000
108 3 0.703768 11.400000
109 3 0.417971 62.000000
110 0 0.000000 100.000000
111 127 0.842869 0.000000
112 58 0.854973 0.000000
113 0 0.000000 100.000000
114 2 0.396701 67.600000
115 0 0.000000 100.000000
116 0 0.000000 100.000000
117 0 0.000000 100.000000
118 4 0.980836 0.000000
119 0 0.000000 100.000000
120 27 0.881159 0.000000
121 0 0.000000 100.000000
122 3 0.557101 39.400000
123 0 0.000000 100.000000
124 2 0.881076 2.200000
125 1 0.240901 77.200000
126 11 0.263107 99.400000
127 2 0.596354 32.200000
128 1 0.835355 16.200000
129 0 0.000000 100.000000
130 0 0.000000 100.000000
131 0 0.000000 100.000000
132 7 0.693270 3.600000
133 3 0.339130 82.400000
134 113 0.855438 0.000000
135 41 0.913476 0.000000
136 243 0.844150 0.000000
137 28 0.750325 0.000000
138 0 0.000000 100.000000
139 1 0.303293 69.600000
140 0 0.000000 100.000000
141 0 0.000000 100.000000
142 68 0.805911 0.000000
143 0 0.000000 100.000000
144 0 0.000000 100.000000
145 0 0.000000 100.000000
146 17 0.868512 0.000000
147 0 0.000000 100.000000
148 18 0.708929 0.000000
149 6 0.933858 0.000000
150 5 0.532984 41.000000
151 0 0.000000 100.000000
152 3 0.779710 4.600000
153 0 0.000000 100.000000
154 0 0.000000 100.000000
155 0 0.000000 100.000000
156 0 0.000000 100.000000
157 0 0.000000 100.000000
158 0 0.000000 100.000000
159 0 0.000000 100.000000
160 0 0.000000 100.000000
161 0 0.000000 100.000000
162 0 0.000000 100.000000
163 0 0.000000 100.000000
164 0 0.000000 100.000000
165 0 0.000000 100.000000
166 0 0.000000 100.000000
167 0 0.000000 100.000000
168 99 0.783830 0.000000
169 9 0.628198 9.000000
170 52 0.806998 0.000000
171 30 0.905292 0.000000
172 2 0.543403 37.600000
173 4 0.414199 71.800000
174 0 0.000000 100.000000
175 14 0.724037 0.000000
176 101 0.912718 0.000000
177 0 0.000000 100.000000
178 69 0.821588 0.000000
179 77 0.850429 0.000000
180 132 0.805646 0.000000
181 76 0.879194 0.000000
182 17 0.825522 0.000000
183 259 0.876484 0.000000
184 0 0.000000 100.000000
185 0 0.000000 100.000000
186 0 0.000000 100.000000
187 11 0.518198 41.400000
188 0 0.000000 100.000000
189 0 0.000000 100.000000
190 0 0.000000 100.000000
191 0 0.000000 100.000000
192 0 0.000000 100.000000
193 0 0.000000 100.000000
194 0 0.000000 100.000000
195 1 0.901213 6.800000
196 2 0.779514 11.400000
197 1 0.623917 41.600000
198 0 0.000000 100.000000
199 3 0.761739 6.600000
200 0 0.000000 100.000000
201 0 0.000000 100.000000
202 0 0.000000 100.000000
203 1 0.362218 60.800000
204 0 0.000000 100.000000
205 0 0.000000 100.000000
206 0 0.000000 100.000000
207 0 0.000000 100.000000
208 3 0.583768 33.000000
209 0 0.000000 100.000000
210 13 0.870116 0.000000
211 0 0.000000 100.000000
212 0 0.000000 100.000000
213 17 0.854357 0.000000
214 0 0.000000 100.000000
215 0 0.000000 100.000000
216 0 0.000000 100.000000
217 0 0.000000 100.000000
218 0 0.000000 100.000000
219 0 0.000000 100.000000
220 0 0.000000 100.000000
221 0 0.000000 100.000000
222 0 0.000000 100.000000
223 2 0.175347 93.800000
224 0 0.000000 100.000000
225 0 0.000000 100.000000
226 0 0.000000 100.000000
227 0 0.000000 100.000000
228 0 0.000000 100.000000
229 0 0.000000 100.000000
230 1 0.580589 44.800000
231 0 0.000000 100.000000
232 0 0.000000 100.000000
233 0 0.000000 100.000000
234 1 0.415945 57.800000
235 0 0.000000 100.000000
236 4 1.000000 0.000000
237 4 0.616725 24.600000
238 2 0.395833 65.400000
239 0 0.000000 100.000000
240 0 0.000000 100.000000
241 0 0.000000 100.000000
242 0 0.000000 100.000000
243 0 0.000000 100.000000
244 3 0.776812 5.800000
245 15 0.832445 0.000000
246 0 0.000000 100.000000
247 0 0.000000 100.000000
248 0 0.000000 100.000000
249 0 0.000000 100.000000
250 0 0.000000 100.000000
251 0 0.000000 100.000000
252 0 0.000000 100.000000
253 0 0.000000 100.000000
254 0 0.000000 100.000000
255 0 0.000000 100.000000
256 0 0.000000 100.000000
257 0 0.000000 100.000000
258 0 0.000000 100.000000
259 0 0.000000 100.000000
260 0 0.000000 100.000000
261 0 0.000000 100.000000
262 0 0.000000 100.000000
263 0 0.000000 100.000000
264 0 0.000000 100.000000
265 0 0.000000 100.000000
266 0 0.000000 100.000000
267 0 0.000000 100.000000
268 0 0.000000 100.000000
269 0 0.000000 100.000000
270 0 0.000000 100.000000
271 0 0.000000 100.000000
272 0 0.000000 100.000000
273 486 0.921498 0.000000
274 463 0.834238 0.000000
275 12 0.619994 7.200000
276 0 0.000000 100.000000
277 21 0.843721 0.000000
278 366 0.823603 0.000000
279 43 0.777092 0.000000
280 25 0.814250 0.000000
281 18 0.779067 0.000000
282 10 0.796479 0.000000
283 7 0.565174 29.600000
284 0 0.000000 100.000000
285 0 0.000000 100.000000
286 355 0.821904 0.000000
287 7 0.482112 55.000000
288 0 0.000000 100.000000
289 0 0.000000 100.000000
290 5 0.747993 3.000000
291 0 0.000000 100.000000
292 0 0.000000 100.000000
293 15 0.605447 8.200000
294 578 0.000000 100.000000
295 6 0.228147 98.800000
296 5 0.407679 75.600000
297 5 0.363700 84.200000
298 0 0.000000 100.000000
299 402 0.792091 0.000000
300 251 0.778708 0.000000
301 556 0.851782 0.000000
302 89 0.819604 0.000000
303 0 0.000000 100.000000
304 114 0.769056 0.000000
305 2 0.289062 81.400000
306 567 0.501042 51.200000
307 0 0.000000 100.000000
308 0 0.000000 100.000000
309 0 0.000000 100.000000
310 0 0.000000 100.000000
311 0 0.000000 100.000000
312 0 0.000000 100.000000
313 0 0.000000 100.000000
314 0 0.000000 100.000000
315 0 0.000000 100.000000
316 0 0.000000 100.000000
317 0 0.000000 100.000000
318 0 0.000000 100.000000
0 0 0.000000 0.000000
