0 388 0.772518 0.000000
1 414 0.787440 0.000000
2 257 0.808502 0.000000
3 92 0.830113 0.000000
4 132 0.787607 0.000000
5 7 0.489117 49.800000
6 0 0.000000 100.000000
7 8 0.565789 25.400000
8 16 0.406806 89.600000
9 1 0.348354 66.200000
10 0 0.000000 100.000000
11 154 0.751424 0.000000
12 43 0.561965 8.800000
13 118 0.750884 0.000000
14 40 0.780576 0.000000
15 68 0.641638 0.000000
16 15 0.434932 80.200000
17 149 0.755292 0.000000
18 8 0.723904 2.000000
19 3 0.816232 1.600000
20 4 0.608014 23.200000
21 0 0.000000 100.000000
22 172 0.692662 0.000000
23 19 0.555409 19.800000
24 29 0.600339 3.200000
25 104 0.685025 0.000000
26 4 0.603659 23.000000
27 14 0.612842 7.400000
28 7 0.847886 0.400000
29 7 0.523393 40.800000
30 0 0.000000 100.000000
31 3 0.455652 58.000000
32 11 0.556197 28.800000
33 0 0.000000 100.000000
34 6 0.571387 26.800000
35 0 0.000000 100.000000
36 10 0.510739 44.800000
37 3 0.753043 5.600000
38 1 0.585789 42.800000
39 19 0.797853 0.000000
40 18 0.570635 17.000000
41 0 0.000000 100.000000
42 1 0.202773 78.800000
43 1 0.785095 19.600000
44 0 0.000000 100.000000
45 0 0.000000 100.000000
46 0 0.000000 100.000000
47 4 0.590592 30.400000
48 114 0.768735 0.000000
49 0 0.000000 100.000000
50 0 0.000000 100.000000
51 4 0.674216 13.200000
52 0 0.000000 100.000000
53 1 0.901213 8.800000
54 3 0.717101 8.000000
55 34 0.747243 0.000000
56 2 0.469618 53.800000
57 1 0.381282 63.200000
58 0 0.000000 100.000000
59 0 0.000000 100.000000
60 0 0.000000 100.000000
61 1 0.937608 5.400000
62 38 0.747758 0.000000
63 2 0.250868 88.000000
64 11 0.654802 3.800000
65 13 0.629408 6.600000
66 0 0.000000 100.000000
67 4 0.679878 11.800000
68 0 0.000000 100.000000
69 1 0.258232 76.200000
70 0 0.000000 100.000000
71 14 0.466692 67.000000
72 1 0.528596 45.800000
73 17 0.491035 52.400000
74 0 0.000000 100.000000
75 8 0.624781 11.200000
76 0 0.000000 100.000000
77 0 0.000000 100.000000
78 0 0.000000 100.000000
79 0 0.000000 100.000000
80 0 0.000000 100.000000
81 0 0.000000 100.000000
82 0 0.000000 100.000000
83 97 0.739589 0.000000
84 91 0.723831 0.000000
85 105 0.845364 0.000000
86 0 0.000000 100.000000
87 382 0.780919 0.000000
88 0 0.000000 100.000000
89 3 0.714203 8.600000
90 0 0.000000 100.000000
91 0 0.000000 100.000000
92 0 0.000000 100.000000
93 0 0.000000 100.000000
94 0 0.000000 100.000000
95 0 0.000000 100.000000
96 0 0.000000 100.000000
97 73 0.682246 0.000000
98 0 0.000000 100.000000
99 13 0.626549 5.000000
100 62 0.697268 0.000000
101 65 0.799850 0.000000
102 3 0.667826 17.000000
103 0 0.000000 100.000000
104 0 0.000000 100.000000
105 0 0.000000 100.000000
106 0 0.000000 100.000000
107 0 0.000000 100.000000
108 9 0.588557 19.600000
109 0 0.000000 100.000000
110 1 0.970537 3.800000
111 116 0.741976 0.000000
112 50 0.811515 0.000000
113 0 0.000000 100.000000
114 5 0.427574 69.800000
115 0 0.000000 100.000000
116 0 0.000000 100.000000
117 0 0.000000 100.000000
118 6 0.526224 40.600000
119 3 0.550725 39.200000
120 25 0.659024 0.800000
121 0 0.000000 100.000000
122 3 0.689275 16.200000
123 0 0.000000 100.000000
124 1 0.948007 4.200000
125 0 0.000000 100.000000
126 6 0.418706 75.200000
127 7 0.627971 10.000000
128 4 0.431185 70.200000
129 0 0.000000 100.000000
130 0 0.000000 100.000000
131 0 0.000000 100.000000
132 13 0.584343 14.400000
133 2 0.394965 66.200000
134 115 0.705137 0.000000
135 41 0.758369 0.000000
136 242 0.798726 0.000000
137 31 0.728961 0.000000
138 3 0.627246 21.200000
139 3 0.077681 99.400000
140 0 0.000000 100.000000
141 0 0.000000 100.000000
142 79 0.646863 0.000000
143 0 0.000000 100.000000
144 0 0.000000 100.000000
145 0 0.000000 100.000000
146 19 0.530176 34.000000
147 0 0.000000 100.000000
148 14 0.586120 13.800000
149 6 0.804196 0.400000
150 6 0.567016 30.600000
151 0 0.000000 100.000000
152 3 0.513623 46.000000
153 0 0.000000 100.000000
154 0 0.000000 100.000000
155 0 0.000000 100.000000
156 0 0.000000 100.000000
157 0 0.000000 100.000000
158 0 0.000000 100.000000
159 0 0.000000 100.000000
160 0 0.000000 100.000000
161 0 0.000000 100.000000
162 0 0.000000 100.000000
163 0 0.000000 100.000000
164 0 0.000000 100.000000
165 0 0.000000 100.000000
166 0 0.000000 100.000000
167 0 0.000000 100.000000
168 98 0.657440 0.000000
169 7 0.337753 91.600000
170 51 0.703203 0.000000
171 21 0.661708 0.200000
172 4 0.361934 78.200000
173 1 0.211438 81.400000
174 1 0.597920 42.800000
175 20 0.791129 0.000000
176 87 0.822085 0.000000
177 0 0.000000 100.000000
178 80 0.744453 0.000000
179 80 0.741014 0.000000
180 124 0.749361 0.000000
181 63 0.809647 0.000000
182 20 0.606093 5.000000
183 255 0.771590 0.000000
184 0 0.000000 100.000000
185 0 0.000000 100.000000
186 0 0.000000 100.000000
187 12 0.495141 50.600000
188 0 0.000000 100.000000
189 0 0.000000 100.000000
190 0 0.000000 100.000000
191 0 0.000000 100.000000
192 0 0.000000 100.000000
193 0 0.000000 100.000000
194 0 0.000000 100.000000
195 4 0.465157 61.200000
196 0 0.000000 100.000000
197 3 0.455072 59.600000
198 0 0.000000 100.000000
199 0 0.000000 100.000000
200 3 0.405797 72.200000
201 0 0.000000 100.000000
202 0 0.000000 100.000000
203 1 0.623917 38.000000
204 0 0.000000 100.000000
205 0 0.000000 100.000000
206 0 0.000000 100.000000
207 0 0.000000 100.000000
208 5 0.584991 23.400000
209 1 0.580589 41.400000
210 19 0.602109 7.000000
211 0 0.000000 100.000000
212 0 0.000000 100.000000
213 27 0.628420 0.800000
214 0 0.000000 100.000000
215 0 0.000000 100.000000
216 0 0.000000 100.000000
217 0 0.000000 100.000000
218 0 0.000000 100.000000
219 0 0.000000 100.000000
220 0 0.000000 100.000000
221 0 0.000000 100.000000
222 0 0.000000 100.000000
223 1 0.459272 57.200000
224 0 0.000000 100.000000
225 1 0.623917 37.000000
226 0 0.000000 100.000000
227 0 0.000000 100.000000
228 0 0.000000 100.000000
229 0 0.000000 100.000000
230 0 0.000000 100.000000
231 0 0.000000 100.000000
232 0 0.000000 100.000000
233 0 0.000000 100.000000
234 0 0.000000 100.000000
235 0 0.000000 100.000000
236 1 0.956672 4.600000
237 4 0.607143 25.400000
238 2 0.710938 16.800000
239 0 0.000000 100.000000
240 0 0.000000 100.000000
241 0 0.000000 100.000000
242 0 0.000000 100.000000
243 0 0.000000 100.000000
244 1 0.514731 51.600000
245 8 0.715351 2.000000
246 0 0.000000 100.000000
247 0 0.000000 100.000000
248 0 0.000000 100.000000
249 0 0.000000 100.000000
250 0 0.000000 100.000000
251 0 0.000000 100.000000
252 0 0.000000 100.000000
253 0 0.000000 100.000000
254 0 0.000000 100.000000
255 0 0.000000 100.000000
256 0 0.000000 100.000000
257 0 0.000000 100.000000
258 0 0.000000 100.000000
259 0 0.000000 100.000000
260 0 0.000000 100.000000
261 1 0.280763 73.200000
262 0 0.000000 100.000000
263 0 0.000000 100.000000
264 0 0.000000 100.000000
265 0 0.000000 100.000000
266 0 0.000000 100.000000
267 0 0.000000 100.000000
268 0 0.000000 100.000000
269 0 0.000000 100.000000
270 0 0.000000 100.000000
271 0 0.000000 100.000000
272 0 0.000000 100.000000
273 456 0.813956 0.000000
274 454 0.760480 0.000000
275 15 0.493665 52.600000
276 0 0.000000 100.000000
277 28 0.609416 3.000000
278 352 0.762495 0.000000
279 45 0.772024 0.000000
280 21 0.693255 0.200000
281 14 0.815856 0.000000
282 9 0.847295 0.000000
283 4 0.765679 3.200000
284 0 0.000000 100.000000
285 0 0.000000 100.000000
286 352 0.772111 0.000000
287 10 0.394366 88.400000
288 0 0.000000 100.000000
289 0 0.000000 100.000000
290 1 0.934142 5.400000
291 0 0.000000 100.000000
292 0 0.000000 100.000000
293 9 0.607303 14.200000
294 578 0.000000 100.000000
295 7 0.633975 10.000000
296 6 0.583625 24.200000
297 7 0.655241 6.600000
298 0 0.000000 100.000000
299 428 0.762196 0.000000
300 251 0.734128 0.000000
301 548 0.594221 4.600000
302 100 0.748264 0.000000
303 0 0.000000 100.000000
304 155 0.740288 0.000000
305 2 0.894097 3.600000
306 570 0.655263 8.000000
307 0 0.000000 100.000000
308 0 0.000000 100.000000
309 0 0.000000 100.000000
310 0 0.000000 100.000000
311 0 0.000000 100.000000
312 0 0.000000 100.000000
313 0 0.000000 100.000000
314 0 0.000000 100.000000
315 0 0.000000 100.000000
316 0 0.000000 100.000000
317 0 0.000000 100.000000
318 0 0.000000 100.000000
0 0 0.000000 0.000000
