0 348 0.709483 0.000000
1 411 0.773052 0.000000
2 218 0.770846 0.000000
3 86 0.733244 0.000000
4 135 0.773213 0.000000
5 7 0.434326 67.600000
6 0 0.000000 100.000000
7 12 0.225412 100.000000
8 20 0.443996 83.000000
9 1 0.100520 88.600000
10 0 0.000000 100.000000
11 150 0.761838 0.000000
12 49 0.640870 0.000000
13 109 0.774926 0.000000
14 39 0.704819 0.000000
15 62 0.636472 0.000000
16 11 0.411255 82.800000
17 178 0.733947 0.000000
18 5 0.570332 27.400000
19 3 0.408696 65.600000
20 11 0.407087 85.400000
21 0 0.000000 100.000000
22 197 0.757558 0.000000
23 30 0.634672 1.400000
24 36 0.588407 2.200000
25 115 0.790365 0.000000
26 1 0.592721 42.000000
27 23 0.621230 3.200000
28 1 0.500867 49.400000
29 9 0.315759 97.600000
30 0 0.000000 100.000000
31 2 0.441840 60.400000
32 23 0.682961 0.200000
33 0 0.000000 100.000000
34 4 0.355836 85.400000
35 0 0.000000 100.000000
36 10 0.500880 50.600000
37 3 0.445217 60.800000
38 2 0.777778 9.800000
39 33 0.718098 0.000000
40 23 0.495731 54.200000
41 0 0.000000 100.000000
42 0 0.000000 100.000000
43 1 0.419411 56.000000
44 0 0.000000 100.000000
45 0 0.000000 100.000000
46 0 0.000000 100.000000
47 1 0.095321 92.400000
48 89 0.810069 0.000000
49 0 0.000000 100.000000
50 0 0.000000 100.000000
51 6 0.499417 52.200000
52 0 0.000000 100.000000
53 0 0.000000 100.000000
54 5 0.537871 35.200000
55 27 0.716072 0.000000
56 5 0.504712 52.600000
57 1 0.440208 53.600000
58 1 0.521664 49.600000
59 0 0.000000 100.000000
60 0 0.000000 100.000000
61 0 0.000000 100.000000
62 34 0.664738 0.000000
63 0 0.000000 100.000000
64 7 0.692770 4.000000
65 7 0.719289 1.800000
66 0 0.000000 100.000000
67 3 0.710145 12.600000
68 0 0.000000 100.000000
69 1 0.093588 91.800000
70 0 0.000000 100.000000
71 5 0.394066 78.200000
72 0 0.000000 100.000000
73 10 0.760387 0.000000
74 1 0.362218 62.800000
75 5 0.583944 28.800000
76 0 0.000000 100.000000
77 1 0.852686 12.000000
78 0 0.000000 100.000000
79 0 0.000000 100.000000
80 0 0.000000 100.000000
81 0 0.000000 100.000000
82 0 0.000000 100.000000
83 96 0.704033 0.000000
84 71 0.716171 0.000000
85 99 0.844752 0.000000
86 0 0.000000 100.000000
87 360 0.761519 0.000000
88 0 0.000000 100.000000
89 5 0.754974 2.000000
90 0 0.000000 100.000000
91 0 0.000000 100.000000
92 0 0.000000 100.000000
93 0 0.000000 100.000000
94 0 0.000000 100.000000
95 0 0.000000 100.000000
96 0 0.000000 100.000000
97 62 0.783258 0.000000
98 0 0.000000 100.000000
99 15 0.626643 5.200000
100 47 0.807188 0.000000
101 80 0.757907 0.000000
102 1 0.190641 81.400000
103 0 0.000000 100.000000
104 0 0.000000 100.000000
105 0 0.000000 100.000000
106 0 0.000000 100.000000
107 1 0.201040 78.400000
108 3 0.469565 55.800000
109 3 0.621449 24.000000
110 0 0.000000 100.000000
111 127 0.729734 0.000000
112 58 0.767938 0.000000
113 0 0.000000 100.000000
114 2 0.483507 53.200000
115 0 0.000000 100.000000
116 0 0.000000 100.000000
117 0 0.000000 100.000000
118 4 0.560105 36.000000
119 0 0.000000 100.000000
120 27 0.677354 0.200000
121 0 0.000000 100.000000
122 3 0.226087 94.800000
123 0 0.000000 100.000000
124 2 0.714410 18.000000
125 1 0.457539 55.000000
126 11 0.421517 81.400000
127 2 0.473958 54.200000
128 1 0.457539 53.800000
129 0 0.000000 100.000000
130 0 0.000000 100.000000
131 0 0.000000 100.000000
132 7 0.590443 19.000000
133 3 0.208696 94.800000
134 113 0.766296 0.000000
135 41 0.850434 0.000000
136 243 0.801142 0.000000
137 28 0.713831 0.000000
138 0 0.000000 100.000000
139 1 0.409012 59.000000
140 0 0.000000 100.000000
141 0 0.000000 100.000000
142 68 0.731690 0.000000
143 0 0.000000 100.000000
144 0 0.000000 100.000000
145 0 0.000000 100.000000
146 17 0.429171 83.800000
147 0 0.000000 100.000000
148 18 0.595933 7.200000
149 6 0.752331 1.200000
150 5 0.442932 67.000000
151 0 0.000000 100.000000
152 3 0.918261 0.200000
153 0 0.000000 100.000000
154 0 0.000000 100.000000
155 0 0.000000 100.000000
156 0 0.000000 100.000000
157 0 0.000000 100.000000
158 0 0.000000 100.000000
159 0 0.000000 100.000000
160 0 0.000000 100.000000
161 0 0.000000 100.000000
162 0 0.000000 100.000000
163 0 0.000000 100.000000
164 0 0.000000 100.000000
165 0 0.000000 100.000000
166 0 0.000000 100.000000
167 0 0.000000 100.000000
168 99 0.693469 0.000000
169 9 0.494825 49.000000
170 52 0.742615 0.000000
171 30 0.654319 0.200000
172 2 0.433160 63.600000
173 4 0.515679 44.600000
174 0 0.000000 100.000000
175 14 0.634752 3.400000
176 101 0.870083 0.000000
177 0 0.000000 100.000000
178 69 0.775035 0.000000
179 77 0.786583 0.000000
180 132 0.764370 0.000000
181 76 0.861239 0.000000
182 17 0.714271 0.000000
183 259 0.814321 0.000000
184 0 0.000000 100.000000
185 0 0.000000 100.000000
186 0 0.000000 100.000000
187 11 0.359307 96.200000
188 0 0.000000 100.000000
189 0 0.000000 100.000000
190 0 0.000000 100.000000
191 0 0.000000 100.000000
192 0 0.000000 100.000000
193 0 0.000000 100.000000
194 0 0.000000 100.000000
195 1 0.870017 9.600000
196 2 0.545139 45.800000
197 1 0.700173 30.800000
198 0 0.000000 100.000000
199 3 0.182029 97.600000
200 0 0.000000 100.000000
201 0 0.000000 100.000000
202 0 0.000000 100.000000
203 1 0.001733 99.600000
204 0 0.000000 100.000000
205 0 0.000000 100.000000
206 0 0.000000 100.000000
207 0 0.000000 100.000000
208 3 0.357101 77.600000
209 0 0.000000 100.000000
210 13 0.430769 82.200000
211 0 0.000000 100.000000
212 0 0.000000 100.000000
213 17 0.538115 29.400000
214 0 0.000000 100.000000
215 0 0.000000 100.000000
216 0 0.000000 100.000000
217 0 0.000000 100.000000
218 0 0.000000 100.000000
219 0 0.000000 100.000000
220 0 0.000000 100.000000
221 0 0.000000 100.000000
222 0 0.000000 100.000000
223 2 0.802083 9.200000
224 0 0.000000 100.000000
225 0 0.000000 100.000000
226 0 0.000000 100.000000
227 0 0.000000 100.000000
228 0 0.000000 100.000000
229 0 0.000000 100.000000
230 1 0.547660 47.000000
231 0 0.000000 100.000000
232 0 0.000000 100.000000
233 0 0.000000 100.000000
234 1 0.344887 64.600000
235 0 0.000000 100.000000
236 4 0.961672 0.200000
237 4 0.806185 1.200000
238 2 0.345486 76.000000
239 0 0.000000 100.000000
240 0 0.000000 100.000000
241 0 0.000000 100.000000
242 0 0.000000 100.000000
243 0 0.000000 100.000000
244 3 0.503768 52.200000
245 15 0.739136 0.200000
246 0 0.000000 100.000000
247 0 0.000000 100.000000
248 0 0.000000 100.000000
249 0 0.000000 100.000000
250 0 0.000000 100.000000
251 0 0.000000 100.000000
252 0 0.000000 100.000000
253 0 0.000000 100.000000
254 0 0.000000 100.000000
255 0 0.000000 100.000000
256 0 0.000000 100.000000
257 0 0.000000 100.000000
258 0 0.000000 100.000000
259 0 0.000000 100.000000
260 0 0.000000 100.000000
261 0 0.000000 100.000000
262 0 0.000000 100.000000
263 0 0.000000 100.000000
264 0 0.000000 100.000000
265 0 0.000000 100.000000
266 0 0.000000 100.000000
267 0 0.000000 100.000000
268 0 0.000000 100.000000
269 0 0.000000 100.000000
270 0 0.000000 100.000000
271 0 0.000000 100.000000
272 0 0.000000 100.000000
273 486 0.836487 0.000000
274 463 0.763396 0.000000
275 12 0.315665 98.800000
276 0 0.000000 100.000000
277 21 0.621441 2.000000
278 366 0.753080 0.000000
279 43 0.757661 0.000000
280 25 0.574539 8.400000
281 18 0.689881 0.200000
282 10 0.578873 18.800000
283 7 0.571429 25.000000
284 0 0.000000 100.000000
285 0 0.000000 100.000000
286 355 0.762370 0.000000
287 7 0.611459 19.600000
288 0 0.000000 100.000000
289 0 0.000000 100.000000
290 5 0.886562 0.200000
291 0 0.000000 100.000000
292 0 0.000000 100.000000
293 15 0.488928 56.200000
294 578 0.000000 100.000000
295 6 0.150350 99.800000
296 5 0.249564 97.800000
297 5 0.430017 71.800000
298 0 0.000000 100.000000
299 402 0.738990 0.000000
300 251 0.748431 0.000000
301 556 0.591481 8.000000
302 89 0.828634 0.000000
303 0 0.000000 100.000000
304 114 0.730377 0.000000
305 2 0.300347 79.800000
306 567 0.585538 16.200000
307 0 0.000000 100.000000
308 0 0.000000 100.000000
309 0 0.000000 100.000000
310 0 0.000000 100.000000
311 0 0.000000 100.000000
312 0 0.000000 100.000000
313 0 0.000000 100.000000
314 0 0.000000 100.000000
315 0 0.000000 100.000000
316 0 0.000000 100.000000
317 0 0.000000 100.000000
318 0 0.000000 100.000000
0 0 0.000000 0.000000
