0 368 0.727834 0.000000
1 399 0.802887 0.000000
2 236 0.797750 0.000000
3 87 0.766697 0.000000
4 127 0.749393 0.000000
5 7 0.575682 24.800000
6 0 0.000000 100.000000
7 12 0.465548 69.200000
8 11 0.408049 82.400000
9 0 0.000000 100.000000
10 0 0.000000 100.000000
11 171 0.763179 0.000000
12 57 0.610095 0.200000
13 122 0.752876 0.000000
14 46 0.757601 0.000000
15 58 0.658123 0.000000
16 15 0.377028 92.400000
17 141 0.723161 0.000000
18 5 0.421291 74.200000
19 5 0.359860 84.200000
20 7 0.484613 58.200000
21 0 0.000000 100.000000
22 177 0.736675 0.000000
23 27 0.788062 0.000000
24 28 0.588052 6.600000
25 103 0.754338 0.000000
26 1 0.474870 52.600000
27 17 0.517144 39.800000
28 1 0.570191 40.400000
29 7 0.558919 27.400000
30 0 0.000000 100.000000
31 6 0.449592 63.600000
32 12 0.587309 13.800000
33 0 0.000000 100.000000
34 3 0.560000 35.400000
35 0 0.000000 100.000000
36 12 0.366902 93.800000
37 5 0.435253 71.000000
38 2 0.618924 30.800000
39 36 0.714278 0.000000
40 38 0.664279 0.000000
41 0 0.000000 100.000000
42 0 0.000000 100.000000
43 0 0.000000 100.000000
44 0 0.000000 100.000000
45 0 0.000000 100.000000
46 0 0.000000 100.000000
47 1 0.090121 88.600000
48 93 0.782241 0.000000
49 0 0.000000 100.000000
50 0 0.000000 100.000000
51 4 0.658972 10.600000
52 0 0.000000 100.000000
53 0 0.000000 100.000000
54 4 0.403746 74.200000
55 41 0.748967 0.000000
56 7 0.590943 22.600000
57 0 0.000000 100.000000
58 0 0.000000 100.000000
59 0 0.000000 100.000000
60 0 0.000000 100.000000
61 1 0.793761 21.200000
62 51 0.719649 0.000000
63 0 0.000000 100.000000
64 13 0.441525 77.800000
65 13 0.496256 53.600000
66 0 0.000000 100.000000
67 1 0.454073 49.600000
68 0 0.000000 100.000000
69 0 0.000000 100.000000
70 0 0.000000 100.000000
71 9 0.515524 47.000000
72 1 0.311958 68.400000
73 14 0.614108 8.200000
74 0 0.000000 100.000000
75 5 0.780803 0.800000
76 0 0.000000 100.000000
77 2 0.264757 83.400000
78 0 0.000000 100.000000
79 0 0.000000 100.000000
80 0 0.000000 100.000000
81 0 0.000000 100.000000
82 0 0.000000 100.000000
83 104 0.705290 0.000000
84 74 0.703051 0.000000
85 103 0.783526 0.000000
86 0 0.000000 100.000000
87 364 0.791697 0.000000
88 0 0.000000 100.000000
89 2 0.551215 41.800000
90 1 0.242634 77.600000
91 0 0.000000 100.000000
92 0 0.000000 100.000000
93 0 0.000000 100.000000
94 0 0.000000 100.000000
95 0 0.000000 100.000000
96 0 0.000000 100.000000
97 80 0.644327 0.000000
98 1 0.003466 100.000000
99 13 0.480191 57.600000
100 67 0.679791 0.000000
101 73 0.769131 0.000000
102 4 0.365854 80.400000
103 0 0.000000 100.000000
104 0 0.000000 100.000000
105 0 0.000000 100.000000
106 0 0.000000 100.000000
107 0 0.000000 100.000000
108 9 0.462996 64.600000
109 5 0.578709 23.600000
110 0 0.000000 100.000000
111 125 0.752265 0.000000
112 55 0.828090 0.000000
113 0 0.000000 100.000000
114 4 0.351916 86.600000
115 0 0.000000 100.000000
116 1 0.975737 2.200000
117 0 0.000000 100.000000
118 4 0.538763 42.800000
119 1 0.665511 32.600000
120 24 0.665539 0.200000
121 0 0.000000 100.000000
122 2 0.440104 60.200000
123 0 0.000000 100.000000
124 5 0.695288 7.000000
125 0 0.000000 100.000000
126 6 0.631119 14.800000
127 7 0.544158 33.200000
128 6 0.556527 30.400000
129 0 0.000000 100.000000
130 0 0.000000 100.000000
131 1 0.006932 99.600000
132 5 0.693194 7.000000
133 2 0.681424 19.800000
134 98 0.740200 0.000000
135 43 0.838339 0.000000
136 234 0.782585 0.000000
137 21 0.614944 4.800000
138 2 0.032118 99.600000
139 0 0.000000 100.000000
140 0 0.000000 100.000000
141 0 0.000000 100.000000
142 72 0.689586 0.000000
143 0 0.000000 100.000000
144 0 0.000000 100.000000
145 0 0.000000 100.000000
146 11 0.420555 76.800000
147 0 0.000000 100.000000
148 23 0.722758 0.000000
149 8 0.490570 54.800000
150 11 0.537919 33.800000
151 0 0.000000 100.000000
152 4 0.516986 48.400000
153 0 0.000000 100.000000
154 0 0.000000 100.000000
155 0 0.000000 100.000000
156 0 0.000000 100.000000
157 0 0.000000 100.000000
158 0 0.000000 100.000000
159 0 0.000000 100.000000
160 0 0.000000 100.000000
161 0 0.000000 100.000000
162 0 0.000000 100.000000
163 0 0.000000 100.000000
164 0 0.000000 100.000000
165 0 0.000000 100.000000
166 0 0.000000 100.000000
167 0 0.000000 100.000000
168 111 0.704362 0.000000
169 13 0.540231 31.200000
170 47 0.596947 1.600000
171 17 0.642026 1.600000
172 4 0.550087 33.800000
173 3 0.628406 25.600000
174 2 0.953993 0.600000
175 17 0.733669 0.200000
176 91 0.832299 0.000000
177 0 0.000000 100.000000
178 70 0.712598 0.000000
179 71 0.747868 0.000000
180 133 0.754972 0.000000
181 82 0.840332 0.000000
182 18 0.631845 2.400000
183 257 0.750427 0.000000
184 0 0.000000 100.000000
185 0 0.000000 100.000000
186 0 0.000000 100.000000
187 12 0.500294 52.600000
188 0 0.000000 100.000000
189 0 0.000000 100.000000
190 0 0.000000 100.000000
191 0 0.000000 100.000000
192 0 0.000000 100.000000
193 0 0.000000 100.000000
194 0 0.000000 100.000000
195 0 0.000000 100.000000
196 0 0.000000 100.000000
197 1 0.781629 22.400000
198 0 0.000000 100.000000
199 2 0.291667 81.600000
200 4 0.313153 91.600000
201 0 0.000000 100.000000
202 0 0.000000 100.000000
203 0 0.000000 100.000000
204 0 0.000000 100.000000
205 0 0.000000 100.000000
206 1 0.162912 83.400000
207 0 0.000000 100.000000
208 5 0.405585 73.200000
209 1 0.564991 42.600000
210 19 0.529235 34.400000
211 1 0.417678 57.400000
212 0 0.000000 100.000000
213 26 0.575878 10.800000
214 0 0.000000 100.000000
215 0 0.000000 100.000000
216 0 0.000000 100.000000
217 0 0.000000 100.000000
218 0 0.000000 100.000000
219 0 0.000000 100.000000
220 0 0.000000 100.000000
221 0 0.000000 100.000000
222 0 0.000000 100.000000
223 2 0.631944 27.400000
224 0 0.000000 100.000000
225 1 0.875217 12.600000
226 0 0.000000 100.000000
227 0 0.000000 100.000000
228 0 0.000000 100.000000
229 0 0.000000 100.000000
230 0 0.000000 100.000000
231 0 0.000000 100.000000
232 0 0.000000 100.000000
233 0 0.000000 100.000000
234 0 0.000000 100.000000
235 0 0.000000 100.000000
236 1 0.873484 13.000000
237 2 0.687500 20.400000
238 0 0.000000 100.000000
239 0 0.000000 100.000000
240 0 0.000000 100.000000
241 0 0.000000 100.000000
242 0 0.000000 100.000000
243 0 0.000000 100.000000
244 1 0.263432 77.200000
245 5 0.612216 21.600000
246 0 0.000000 100.000000
247 0 0.000000 100.000000
248 0 0.000000 100.000000
249 0 0.000000 100.000000
250 0 0.000000 100.000000
251 0 0.000000 100.000000
252 0 0.000000 100.000000
253 0 0.000000 100.000000
254 0 0.000000 100.000000
255 0 0.000000 100.000000
256 0 0.000000 100.000000
257 0 0.000000 100.000000
258 0 0.000000 100.000000
259 0 0.000000 100.000000
260 0 0.000000 100.000000
261 0 0.000000 100.000000
262 0 0.000000 100.000000
263 0 0.000000 100.000000
264 1 0.213172 77.800000
265 0 0.000000 100.000000
266 0 0.000000 100.000000
267 0 0.000000 100.000000
268 0 0.000000 100.000000
269 0 0.000000 100.000000
270 0 0.000000 100.000000
271 0 0.000000 100.000000
272 0 0.000000 100.000000
273 473 0.807269 0.000000
274 446 0.740997 0.000000
275 11 0.522367 42.200000
276 0 0.000000 100.000000
277 32 0.622768 1.000000
278 355 0.739898 0.000000
279 58 0.824702 0.000000
280 27 0.658937 0.600000
281 28 0.808182 0.000000
282 13 0.837713 0.000000
283 10 0.580986 22.000000
284 0 0.000000 100.000000
285 0 0.000000 100.000000
286 354 0.736267 0.000000
287 4 0.910279 0.000000
288 0 0.000000 100.000000
289 0 0.000000 100.000000
290 1 0.854419 13.800000
291 0 0.000000 100.000000
292 0 0.000000 100.000000
293 7 0.619965 13.600000
294 577 0.904679 8.000000
295 6 0.589452 23.200000
296 5 0.512740 41.800000
297 5 0.559162 30.400000
298 0 0.000000 100.000000
299 425 0.781046 0.000000
300 257 0.719869 0.000000
301 548 0.717701 0.000000
302 93 0.750272 0.000000
303 0 0.000000 100.000000
304 126 0.698641 0.000000
305 1 0.183709 84.000000
306 567 0.729036 0.200000
307 0 0.000000 100.000000
308 0 0.000000 100.000000
309 0 0.000000 100.000000
310 0 0.000000 100.000000
311 0 0.000000 100.000000
312 0 0.000000 100.000000
313 0 0.000000 100.000000
314 0 0.000000 100.000000
315 0 0.000000 100.000000
316 0 0.000000 100.000000
317 0 0.000000 100.000000
318 0 0.000000 100.000000
0 0 0.000000 0.000000
