0 373 0.743817 0.000000
1 417 0.769814 0.000000
2 238 0.793759 0.000000
3 104 0.728477 0.000000
4 133 0.760024 0.000000
5 12 0.629417 6.600000
6 0 0.000000 100.000000
7 7 0.559920 30.800000
8 17 0.488623 56.200000
9 0 0.000000 100.000000
10 0 0.000000 100.000000
11 144 0.788610 0.000000
12 44 0.679137 0.000000
13 108 0.788968 0.000000
14 39 0.761762 0.000000
15 57 0.681180 0.000000
16 12 0.427120 83.600000
17 154 0.781258 0.000000
18 7 0.631724 12.000000
19 7 0.667000 7.200000
20 9 0.725444 0.600000
21 0 0.000000 100.000000
22 175 0.768706 0.000000
23 27 0.643275 0.600000
24 37 0.630864 0.600000
25 94 0.779453 0.000000
26 1 0.629116 40.400000
27 19 0.661425 0.400000
28 3 0.598261 31.000000
29 4 0.370209 78.600000
30 0 0.000000 100.000000
31 3 0.804058 3.800000
32 17 0.668973 1.000000
33 0 0.000000 100.000000
34 1 0.412478 60.400000
35 0 0.000000 100.000000
36 9 0.407342 83.000000
37 7 0.615962 12.600000
38 1 0.426343 56.600000
39 30 0.740207 0.000000
40 26 0.713838 0.000000
41 0 0.000000 100.000000
42 0 0.000000 100.000000
43 3 0.324058 83.400000
44 0 0.000000 100.000000
45 0 0.000000 100.000000
46 0 0.000000 100.000000
47 5 0.273997 94.800000
48 103 0.753398 0.000000
49 0 0.000000 100.000000
50 0 0.000000 100.000000
51 5 0.659686 12.000000
52 0 0.000000 100.000000
53 0 0.000000 100.000000
54 4 0.277875 94.600000
55 34 0.696421 0.000000
56 2 0.328125 81.600000
57 2 0.639757 24.200000
58 0 0.000000 100.000000
59 0 0.000000 100.000000
60 0 0.000000 100.000000
61 0 0.000000 100.000000
62 42 0.678038 0.000000
63 0 0.000000 100.000000
64 13 0.564738 25.000000
65 13 0.585296 12.400000
66 0 0.000000 100.000000
67 1 0.379549 64.000000
68 0 0.000000 100.000000
69 0 0.000000 100.000000
70 0 0.000000 100.000000
71 10 0.584155 20.000000
72 0 0.000000 100.000000
73 11 0.607183 11.600000
74 0 0.000000 100.000000
75 6 0.562063 31.600000
76 0 0.000000 100.000000
77 1 0.237435 76.800000
78 0 0.000000 100.000000
79 0 0.000000 100.000000
80 0 0.000000 100.000000
81 0 0.000000 100.000000
82 0 0.000000 100.000000
83 98 0.707993 0.000000
84 81 0.646645 0.000000
85 106 0.847218 0.000000
86 0 0.000000 100.000000
87 381 0.775531 0.000000
88 0 0.000000 100.000000
89 4 0.757404 2.800000
90 0 0.000000 100.000000
91 0 0.000000 100.000000
92 0 0.000000 100.000000
93 0 0.000000 100.000000
94 0 0.000000 100.000000
95 0 0.000000 100.000000
96 0 0.000000 100.000000
97 71 0.803706 0.000000
98 0 0.000000 100.000000
99 13 0.712730 0.800000
100 59 0.804121 0.000000
101 73 0.751987 0.000000
102 5 0.558464 38.800000
103 0 0.000000 100.000000
104 0 0.000000 100.000000
105 0 0.000000 100.000000
106 0 0.000000 100.000000
107 0 0.000000 100.000000
108 7 0.377283 84.600000
109 2 0.139757 96.000000
110 0 0.000000 100.000000
111 118 0.693976 0.000000
112 57 0.770953 0.000000
113 0 0.000000 100.000000
114 5 0.515881 44.600000
115 0 0.000000 100.000000
116 0 0.000000 100.000000
117 0 0.000000 100.000000
118 6 0.643065 10.200000
119 0 0.000000 100.000000
120 28 0.771494 0.000000
121 0 0.000000 100.000000
122 2 0.315104 83.600000
123 0 0.000000 100.000000
124 3 0.490435 47.600000
125 1 0.902946 6.000000
126 8 0.403289 79.400000
127 7 0.593695 20.400000
128 5 0.510646 48.400000
129 0 0.000000 100.000000
130 0 0.000000 100.000000
131 0 0.000000 100.000000
132 9 0.382542 85.800000
133 0 0.000000 100.000000
134 97 0.758471 0.000000
135 40 0.828392 0.000000
136 223 0.843504 0.000000
137 25 0.682532 0.000000
138 1 0.119584 88.400000
139 1 0.388215 60.000000
140 0 0.000000 100.000000
141 0 0.000000 100.000000
142 97 0.688836 0.000000
143 0 0.000000 100.000000
144 0 0.000000 100.000000
145 0 0.000000 100.000000
146 15 0.461575 72.400000
147 0 0.000000 100.000000
148 21 0.605967 5.600000
149 5 0.499127 43.800000
150 12 0.600412 9.600000
151 0 0.000000 100.000000
152 4 0.398084 75.600000
153 0 0.000000 100.000000
154 0 0.000000 100.000000
155 0 0.000000 100.000000
156 0 0.000000 100.000000
157 0 0.000000 100.000000
158 0 0.000000 100.000000
159 0 0.000000 100.000000
160 0 0.000000 100.000000
161 0 0.000000 100.000000
162 0 0.000000 100.000000
163 0 0.000000 100.000000
164 0 0.000000 100.000000
165 0 0.000000 100.000000
166 0 0.000000 100.000000
167 0 0.000000 100.000000
168 95 0.679677 0.000000
169 11 0.481161 59.200000
170 36 0.638223 0.000000
171 19 0.784672 0.000000
172 4 0.481272 53.600000
173 7 0.592444 21.000000
174 1 0.398614 61.600000
175 19 0.758121 0.000000
176 89 0.876473 0.000000
177 0 0.000000 100.000000
178 68 0.755133 0.000000
179 71 0.761591 0.000000
180 126 0.792351 0.000000
181 75 0.874036 0.000000
182 18 0.533532 29.800000
183 245 0.814378 0.000000
184 0 0.000000 100.000000
185 0 0.000000 100.000000
186 0 0.000000 100.000000
187 8 0.344956 93.000000
188 0 0.000000 100.000000
189 0 0.000000 100.000000
190 0 0.000000 100.000000
191 0 0.000000 100.000000
192 0 0.000000 100.000000
193 0 0.000000 100.000000
194 0 0.000000 100.000000
195 1 0.178510 79.600000
196 1 0.769497 25.000000
197 2 0.742188 13.400000
198 0 0.000000 100.000000
199 2 0.451389 58.000000
200 7 0.546660 36.600000
201 0 0.000000 100.000000
202 0 0.000000 100.000000
203 1 0.133449 86.200000
204 0 0.000000 100.000000
205 0 0.000000 100.000000
206 1 0.079723 91.800000
207 0 0.000000 100.000000
208 3 0.158841 98.000000
209 0 0.000000 100.000000
210 20 0.554928 20.400000
211 0 0.000000 100.000000
212 1 0.526863 48.200000
213 26 0.541249 22.600000
214 0 0.000000 100.000000
215 0 0.000000 100.000000
216 0 0.000000 100.000000
217 0 0.000000 100.000000
218 0 0.000000 100.000000
219 0 0.000000 100.000000
220 0 0.000000 100.000000
221 0 0.000000 100.000000
222 0 0.000000 100.000000
223 2 0.217014 91.400000
224 0 0.000000 100.000000
225 0 0.000000 100.000000
226 0 0.000000 100.000000
227 0 0.000000 100.000000
228 0 0.000000 100.000000
229 0 0.000000 100.000000
230 0 0.000000 100.000000
231 0 0.000000 100.000000
232 0 0.000000 100.000000
233 0 0.000000 100.000000
234 0 0.000000 100.000000
235 0 0.000000 100.000000
236 2 0.917535 1.200000
237 6 0.825175 0.000000
238 1 0.611785 38.800000
239 0 0.000000 100.000000
240 0 0.000000 100.000000
241 0 0.000000 100.000000
242 0 0.000000 100.000000
243 0 0.000000 100.000000
244 1 0.435009 54.200000
245 11 0.759339 0.000000
246 0 0.000000 100.000000
247 0 0.000000 100.000000
248 0 0.000000 100.000000
249 0 0.000000 100.000000
250 0 0.000000 100.000000
251 0 0.000000 100.000000
252 0 0.000000 100.000000
253 0 0.000000 100.000000
254 0 0.000000 100.000000
255 0 0.000000 100.000000
256 0 0.000000 100.000000
257 0 0.000000 100.000000
258 0 0.000000 100.000000
259 0 0.000000 100.000000
260 0 0.000000 100.000000
261 0 0.000000 100.000000
262 0 0.000000 100.000000
263 0 0.000000 100.000000
264 0 0.000000 100.000000
265 0 0.000000 100.000000
266 0 0.000000 100.000000
267 0 0.000000 100.000000
268 0 0.000000 100.000000
269 0 0.000000 100.000000
270 0 0.000000 100.000000
271 0 0.000000 100.000000
272 0 0.000000 100.000000
273 472 0.830189 0.000000
274 449 0.802282 0.000000
275 9 0.409100 83.400000
276 0 0.000000 100.000000
277 25 0.623508 2.400000
278 362 0.768877 0.000000
279 50 0.712992 0.000000
280 25 0.732007 0.000000
281 22 0.786952 0.000000
282 15 0.801421 0.000000
283 3 0.740870 9.000000
284 0 0.000000 100.000000
285 0 0.000000 100.000000
286 357 0.789979 0.000000
287 8 0.564474 26.600000
288 0 0.000000 100.000000
289 0 0.000000 100.000000
290 2 0.875868 3.000000
291 1 0.590988 42.800000
292 0 0.000000 100.000000
293 14 0.537741 29.200000
294 578 0.000000 100.000000
295 2 0.680556 21.000000
296 1 0.670711 35.000000
297 2 0.336806 78.800000
298 0 0.000000 100.000000
299 428 0.734548 0.000000
300 259 0.760811 0.000000
301 547 0.514773 43.200000
302 95 0.715288 0.000000
303 0 0.000000 100.000000
304 140 0.720841 0.000000
305 3 0.278841 89.200000
306 565 0.449149 73.400000
307 0 0.000000 100.000000
308 0 0.000000 100.000000
309 0 0.000000 100.000000
310 0 0.000000 100.000000
311 0 0.000000 100.000000
312 0 0.000000 100.000000
313 0 0.000000 100.000000
314 0 0.000000 100.000000
315 0 0.000000 100.000000
316 0 0.000000 100.000000
317 0 0.000000 100.000000
318 0 0.000000 100.000000
0 0 0.000000 0.000000
