0 358 0.705815 0.000000
1 379 0.723512 0.000000
2 220 0.765465 0.000000
3 75 0.787541 0.000000
4 118 0.773821 0.000000
5 9 0.483890 57.600000
6 0 0.000000 100.000000
7 13 0.512730 41.000000
8 13 0.530837 37.600000
9 1 0.060659 92.200000
10 0 0.000000 100.000000
11 153 0.731672 0.000000
12 47 0.580879 3.000000
13 104 0.734177 0.000000
14 45 0.751511 0.000000
15 58 0.599403 1.200000
16 16 0.496219 54.000000
17 169 0.675164 0.000000
18 4 0.612805 20.800000
19 7 0.524393 35.200000
20 4 0.731272 6.800000
21 0 0.000000 100.000000
22 173 0.774238 0.000000
23 24 0.627557 2.000000
24 34 0.713830 0.000000
25 102 0.761019 0.000000
26 2 0.494792 52.600000
27 16 0.572398 15.600000
28 2 0.737847 13.200000
29 3 0.360000 81.000000
30 0 0.000000 100.000000
31 3 0.575072 32.200000
32 16 0.691948 0.200000
33 0 0.000000 100.000000
34 4 0.632404 18.200000
35 3 0.531594 43.800000
36 12 0.589959 14.400000
37 7 0.525394 41.800000
38 1 0.450607 56.800000
39 33 0.745065 0.000000
40 28 0.586494 6.600000
41 0 0.000000 100.000000
42 0 0.000000 100.000000
43 1 0.694974 35.000000
44 0 0.000000 100.000000
45 0 0.000000 100.000000
46 0 0.000000 100.000000
47 2 0.486111 55.200000
48 84 0.745469 0.000000
49 0 0.000000 100.000000
50 0 0.000000 100.000000
51 6 0.585956 21.400000
52 0 0.000000 100.000000
53 0 0.000000 100.000000
54 3 0.478261 57.400000
55 25 0.650778 0.800000
56 3 0.350145 81.400000
57 0 0.000000 100.000000
58 1 0.873484 16.000000
59 0 0.000000 100.000000
60 0 0.000000 100.000000
61 2 0.677951 22.400000
62 33 0.594829 3.600000
63 0 0.000000 100.000000
64 14 0.530268 33.200000
65 14 0.579281 11.800000
66 0 0.000000 100.000000
67 0 0.000000 100.000000
68 0 0.000000 100.000000
69 1 0.116118 87.600000
70 0 0.000000 100.000000
71 10 0.620423 8.600000
72 1 0.577123 43.400000
73 14 0.546479 27.000000
74 0 0.000000 100.000000
75 3 0.758841 6.000000
76 0 0.000000 100.000000
77 1 0.592721 37.600000
78 0 0.000000 100.000000
79 0 0.000000 100.000000
80 0 0.000000 100.000000
81 0 0.000000 100.000000
82 0 0.000000 100.000000
83 95 0.696066 0.000000
84 70 0.643279 0.000000
85 104 0.801363 0.000000
86 0 0.000000 100.000000
87 372 0.778996 0.000000
88 0 0.000000 100.000000
89 2 0.566840 37.600000
90 0 0.000000 100.000000
91 0 0.000000 100.000000
92 0 0.000000 100.000000
93 0 0.000000 100.000000
94 0 0.000000 100.000000
95 0 0.000000 100.000000
96 0 0.000000 100.000000
97 50 0.676098 0.000000
98 0 0.000000 100.000000
99 9 0.526655 40.000000
100 41 0.658764 0.000000
101 65 0.787764 0.000000
102 3 0.841159 1.200000
103 0 0.000000 100.000000
104 0 0.000000 100.000000
105 0 0.000000 100.000000
106 0 0.000000 100.000000
107 0 0.000000 100.000000
108 9 0.414567 84.000000
109 3 0.594783 27.000000
110 0 0.000000 100.000000
111 132 0.763725 0.000000
112 62 0.795168 0.000000
113 0 0.000000 100.000000
114 7 0.517638 43.800000
115 0 0.000000 100.000000
116 0 0.000000 100.000000
117 0 0.000000 100.000000
118 1 0.896014 10.800000
119 0 0.000000 100.000000
120 28 0.647987 0.000000
121 0 0.000000 100.000000
122 0 0.000000 100.000000
123 0 0.000000 100.000000
124 5 0.485864 51.200000
125 1 0.668977 30.600000
126 6 0.220571 98.800000
127 1 0.386482 60.600000
128 2 0.695312 19.200000
129 0 0.000000 100.000000
130 0 0.000000 100.000000
131 0 0.000000 100.000000
132 7 0.485864 54.600000
133 2 0.717014 15.400000
134 95 0.775264 0.000000
135 35 0.823731 0.000000
136 212 0.806140 0.000000
137 21 0.748055 0.000000
138 0 0.000000 100.000000
139 0 0.000000 100.000000
140 0 0.000000 100.000000
141 0 0.000000 100.000000
142 71 0.676084 0.000000
143 0 0.000000 100.000000
144 0 0.000000 100.000000
145 0 0.000000 100.000000
146 14 0.536094 31.800000
147 0 0.000000 100.000000
148 16 0.722198 0.000000
149 11 0.545775 26.600000
150 8 0.502412 50.800000
151 0 0.000000 100.000000
152 3 0.535072 40.800000
153 0 0.000000 100.000000
154 0 0.000000 100.000000
155 0 0.000000 100.000000
156 0 0.000000 100.000000
157 0 0.000000 100.000000
158 0 0.000000 100.000000
159 0 0.000000 100.000000
160 0 0.000000 100.000000
161 0 0.000000 100.000000
162 0 0.000000 100.000000
163 0 0.000000 100.000000
164 0 0.000000 100.000000
165 0 0.000000 100.000000
166 0 0.000000 100.000000
167 0 0.000000 100.000000
168 96 0.645574 0.000000
169 11 0.404361 86.400000
170 49 0.657459 0.000000
171 22 0.696288 0.000000
172 4 0.579704 30.000000
173 4 0.539199 38.000000
174 1 0.384749 61.600000
175 22 0.649281 0.600000
176 101 0.847749 0.000000
177 0 0.000000 100.000000
178 78 0.719231 0.000000
179 61 0.771602 0.000000
180 124 0.723746 0.000000
181 81 0.832799 0.000000
182 19 0.645702 1.000000
183 263 0.765188 0.000000
184 0 0.000000 100.000000
185 0 0.000000 100.000000
186 0 0.000000 100.000000
187 4 0.555749 34.200000
188 0 0.000000 100.000000
189 0 0.000000 100.000000
190 0 0.000000 100.000000
191 0 0.000000 100.000000
192 0 0.000000 100.000000
193 0 0.000000 100.000000
194 0 0.000000 100.000000
195 1 0.545927 43.600000
196 0 0.000000 100.000000
197 3 0.633623 20.400000
198 0 0.000000 100.000000
199 4 0.241289 97.600000
200 3 0.540870 47.000000
201 0 0.000000 100.000000
202 0 0.000000 100.000000
203 2 0.113715 96.600000
204 0 0.000000 100.000000
205 0 0.000000 100.000000
206 0 0.000000 100.000000
207 0 0.000000 100.000000
208 3 0.622029 23.600000
209 3 0.471304 53.600000
210 18 0.457440 73.800000
211 0 0.000000 100.000000
212 0 0.000000 100.000000
213 28 0.581753 8.000000
214 0 0.000000 100.000000
215 0 0.000000 100.000000
216 0 0.000000 100.000000
217 0 0.000000 100.000000
218 0 0.000000 100.000000
219 0 0.000000 100.000000
220 0 0.000000 100.000000
221 0 0.000000 100.000000
222 0 0.000000 100.000000
223 4 0.385017 79.600000
224 0 0.000000 100.000000
225 1 0.887348 12.400000
226 0 0.000000 100.000000
227 0 0.000000 100.000000
228 0 0.000000 100.000000
229 0 0.000000 100.000000
230 0 0.000000 100.000000
231 0 0.000000 100.000000
232 0 0.000000 100.000000
233 0 0.000000 100.000000
234 0 0.000000 100.000000
235 0 0.000000 100.000000
236 1 0.714038 28.400000
237 3 0.784928 4.200000
238 2 0.899306 1.600000
239 0 0.000000 100.000000
240 0 0.000000 100.000000
241 0 0.000000 100.000000
242 0 0.000000 100.000000
243 0 0.000000 100.000000
244 1 0.925477 9.200000
245 12 0.701266 0.800000
246 0 0.000000 100.000000
247 0 0.000000 100.000000
248 0 0.000000 100.000000
249 0 0.000000 100.000000
250 0 0.000000 100.000000
251 0 0.000000 100.000000
252 0 0.000000 100.000000
253 0 0.000000 100.000000
254 0 0.000000 100.000000
255 0 0.000000 100.000000
256 0 0.000000 100.000000
257 0 0.000000 100.000000
258 0 0.000000 100.000000
259 0 0.000000 100.000000
260 0 0.000000 100.000000
261 0 0.000000 100.000000
262 0 0.000000 100.000000
263 0 0.000000 100.000000
264 0 0.000000 100.000000
265 0 0.000000 100.000000
266 0 0.000000 100.000000
267 0 0.000000 100.000000
268 0 0.000000 100.000000
269 0 0.000000 100.000000
270 0 0.000000 100.000000
271 0 0.000000 100.000000
272 0 0.000000 100.000000
273 485 0.813923 0.000000
274 451 0.734047 0.000000
275 10 0.529401 39.200000
276 0 0.000000 100.000000
277 17 0.618538 4.600000
278 356 0.748254 0.000000
279 32 0.688988 0.000000
280 25 0.638481 1.000000
281 22 0.675850 1.000000
282 13 0.634309 5.600000
283 5 0.424433 71.800000
284 0 0.000000 100.000000
285 0 0.000000 100.000000
286 343 0.776056 0.000000
287 7 0.519890 41.800000
288 0 0.000000 100.000000
289 0 0.000000 100.000000
290 1 0.698440 30.200000
291 0 0.000000 100.000000
292 0 0.000000 100.000000
293 9 0.404413 83.600000
294 577 0.816291 15.800000
295 4 0.626307 19.200000
296 4 0.579268 29.200000
297 4 0.602352 23.000000
298 0 0.000000 100.000000
299 392 0.759779 0.000000
300 218 0.697260 0.000000
301 546 0.597012 4.600000
302 89 0.781071 0.000000
303 0 0.000000 100.000000
304 114 0.687708 0.000000
305 3 0.838261 1.400000
306 571 0.678509 6.000000
307 0 0.000000 100.000000
308 0 0.000000 100.000000
309 0 0.000000 100.000000
310 0 0.000000 100.000000
311 0 0.000000 100.000000
312 0 0.000000 100.000000
313 0 0.000000 100.000000
314 0 0.000000 100.000000
315 0 0.000000 100.000000
316 0 0.000000 100.000000
317 0 0.000000 100.000000
318 0 0.000000 100.000000
0 0 0.000000 0.000000
