0 379 0.740099 0.000000
1 409 0.774786 0.000000
2 218 0.805861 0.000000
3 87 0.766533 0.000000
4 111 0.756197 0.000000
5 9 0.442687 72.800000
6 0 0.000000 100.000000
7 12 0.467903 60.400000
8 15 0.373239 92.800000
9 1 0.093588 91.400000
10 0 0.000000 100.000000
11 143 0.744699 0.000000
12 39 0.589839 2.200000
13 100 0.764623 0.000000
14 46 0.656056 0.000000
15 54 0.712115 0.000000
16 12 0.554181 28.200000
17 176 0.689874 0.000000
18 8 0.621930 10.000000
19 3 0.372174 77.600000
20 3 0.386667 75.800000
21 0 0.000000 100.000000
22 190 0.772965 0.000000
23 27 0.629294 0.400000
24 33 0.618571 1.000000
25 118 0.766581 0.000000
26 2 0.881076 3.200000
27 17 0.606165 6.800000
28 0 0.000000 100.000000
29 5 0.610122 20.200000
30 0 0.000000 100.000000
31 5 0.555323 31.000000
32 22 0.640288 1.400000
33 0 0.000000 100.000000
34 5 0.625829 15.000000
35 0 0.000000 100.000000
36 4 0.491725 52.200000
37 3 0.503768 49.200000
38 0 0.000000 100.000000
39 24 0.758800 0.000000
40 22 0.629660 2.400000
41 0 0.000000 100.000000
42 1 0.046794 95.400000
43 1 0.918544 10.800000
44 0 0.000000 100.000000
45 0 0.000000 100.000000
46 0 0.000000 100.000000
47 4 0.508711 46.200000
48 85 0.788235 0.000000
49 0 0.000000 100.000000
50 0 0.000000 100.000000
51 9 0.488967 49.200000
52 0 0.000000 100.000000
53 3 0.545507 43.600000
54 4 0.516986 48.600000
55 33 0.717987 0.000000
56 3 0.457391 54.200000
57 1 0.887348 10.600000
58 1 0.818024 21.400000
59 0 0.000000 100.000000
60 0 0.000000 100.000000
61 1 0.001733 100.000000
62 42 0.693852 0.000000
63 1 0.195841 79.600000
64 15 0.640497 2.400000
65 16 0.606984 8.600000
66 0 0.000000 100.000000
67 1 0.866551 13.200000
68 0 0.000000 100.000000
69 1 0.050260 95.000000
70 0 0.000000 100.000000
71 11 0.644541 4.000000
72 0 0.000000 100.000000
73 9 0.295841 98.400000
74 1 0.585789 42.200000
75 3 0.514203 44.800000
76 0 0.000000 100.000000
77 1 0.298094 69.200000
78 0 0.000000 100.000000
79 0 0.000000 100.000000
80 0 0.000000 100.000000
81 0 0.000000 100.000000
82 0 0.000000 100.000000
83 115 0.671932 0.000000
84 77 0.645125 0.000000
85 114 0.817982 0.000000
86 0 0.000000 100.000000
87 389 0.777383 0.000000
88 0 0.000000 100.000000
89 4 0.583188 32.000000
90 0 0.000000 100.000000
91 0 0.000000 100.000000
92 0 0.000000 100.000000
93 0 0.000000 100.000000
94 0 0.000000 100.000000
95 0 0.000000 100.000000
96 0 0.000000 100.000000
97 62 0.734996 0.000000
98 0 0.000000 100.000000
99 14 0.493794 50.800000
100 49 0.790016 0.000000
101 64 0.778362 0.000000
102 1 0.887348 13.200000
103 0 0.000000 100.000000
104 0 0.000000 100.000000
105 0 0.000000 100.000000
106 0 0.000000 100.000000
107 0 0.000000 100.000000
108 6 0.333625 93.000000
109 2 0.103299 98.800000
110 0 0.000000 100.000000
111 130 0.731593 0.000000
112 65 0.719358 0.000000
113 0 0.000000 100.000000
114 11 0.528780 35.000000
115 0 0.000000 100.000000
116 0 0.000000 100.000000
117 0 0.000000 100.000000
118 3 0.493043 48.400000
119 0 0.000000 100.000000
120 22 0.626635 2.200000
121 0 0.000000 100.000000
122 4 0.243902 95.200000
123 0 0.000000 100.000000
124 9 0.479399 58.400000
125 0 0.000000 100.000000
126 5 0.321117 90.400000
127 5 0.642932 14.200000
128 3 0.743188 9.800000
129 0 0.000000 100.000000
130 0 0.000000 100.000000
131 0 0.000000 100.000000
132 7 0.499375 49.400000
133 3 0.584928 31.800000
134 93 0.724221 0.000000
135 39 0.776129 0.000000
136 235 0.791812 0.000000
137 28 0.684935 0.000000
138 0 0.000000 100.000000
139 0 0.000000 100.000000
140 0 0.000000 100.000000
141 0 0.000000 100.000000
142 77 0.709179 0.000000
143 0 0.000000 100.000000
144 0 0.000000 100.000000
145 0 0.000000 100.000000
146 10 0.766021 0.000000
147 0 0.000000 100.000000
148 15 0.479574 60.600000
149 5 0.547644 36.400000
150 9 0.419254 79.800000
151 0 0.000000 100.000000
152 4 0.723868 7.000000
153 0 0.000000 100.000000
154 0 0.000000 100.000000
155 0 0.000000 100.000000
156 0 0.000000 100.000000
157 0 0.000000 100.000000
158 0 0.000000 100.000000
159 0 0.000000 100.000000
160 0 0.000000 100.000000
161 0 0.000000 100.000000
162 0 0.000000 100.000000
163 0 0.000000 100.000000
164 1 0.227036 76.000000
165 0 0.000000 100.000000
166 0 0.000000 100.000000
167 0 0.000000 100.000000
168 98 0.658971 0.000000
169 11 0.535674 35.000000
170 50 0.655833 0.000000
171 23 0.770544 0.000000
172 6 0.550117 31.000000
173 2 0.202257 91.600000
174 0 0.000000 100.000000
175 15 0.785672 0.000000
176 111 0.827633 0.000000
177 0 0.000000 100.000000
178 71 0.709226 0.000000
179 72 0.807395 0.000000
180 117 0.733745 0.000000
181 82 0.855970 0.000000
182 15 0.557608 25.600000
183 255 0.784812 0.000000
184 0 0.000000 100.000000
185 0 0.000000 100.000000
186 0 0.000000 100.000000
187 7 0.438579 72.200000
188 0 0.000000 100.000000
189 0 0.000000 100.000000
190 0 0.000000 100.000000
191 0 0.000000 100.000000
192 0 0.000000 100.000000
193 0 0.000000 100.000000
194 0 0.000000 100.000000
195 0 0.000000 100.000000
196 0 0.000000 100.000000
197 2 0.280382 82.200000
198 0 0.000000 100.000000
199 3 0.248696 94.600000
200 2 0.781250 8.600000
201 0 0.000000 100.000000
202 0 0.000000 100.000000
203 1 0.015598 98.200000
204 0 0.000000 100.000000
205 0 0.000000 100.000000
206 0 0.000000 100.000000
207 0 0.000000 100.000000
208 3 0.245217 93.200000
209 1 0.596187 38.200000
210 17 0.487994 56.400000
211 1 0.785095 22.400000
212 0 0.000000 100.000000
213 27 0.542851 21.000000
214 0 0.000000 100.000000
215 0 0.000000 100.000000
216 0 0.000000 100.000000
217 0 0.000000 100.000000
218 0 0.000000 100.000000
219 0 0.000000 100.000000
220 0 0.000000 100.000000
221 0 0.000000 100.000000
222 0 0.000000 100.000000
223 1 0.558059 44.200000
224 0 0.000000 100.000000
225 1 0.953206 3.800000
226 0 0.000000 100.000000
227 0 0.000000 100.000000
228 0 0.000000 100.000000
229 0 0.000000 100.000000
230 0 0.000000 100.000000
231 0 0.000000 100.000000
232 0 0.000000 100.000000
233 0 0.000000 100.000000
234 0 0.000000 100.000000
235 0 0.000000 100.000000
236 2 0.950521 0.400000
237 2 0.269097 83.600000
238 2 0.852431 5.600000
239 0 0.000000 100.000000
240 0 0.000000 100.000000
241 0 0.000000 100.000000
242 0 0.000000 100.000000
243 0 0.000000 100.000000
244 2 0.354167 78.600000
245 9 0.624878 9.000000
246 0 0.000000 100.000000
247 0 0.000000 100.000000
248 0 0.000000 100.000000
249 0 0.000000 100.000000
250 0 0.000000 100.000000
251 0 0.000000 100.000000
252 0 0.000000 100.000000
253 0 0.000000 100.000000
254 0 0.000000 100.000000
255 0 0.000000 100.000000
256 0 0.000000 100.000000
257 0 0.000000 100.000000
258 0 0.000000 100.000000
259 0 0.000000 100.000000
260 0 0.000000 100.000000
261 0 0.000000 100.000000
262 0 0.000000 100.000000
263 0 0.000000 100.000000
264 0 0.000000 100.000000
265 0 0.000000 100.000000
266 0 0.000000 100.000000
267 0 0.000000 100.000000
268 0 0.000000 100.000000
269 0 0.000000 100.000000
270 0 0.000000 100.000000
271 0 0.000000 100.000000
272 0 0.000000 100.000000
273 482 0.787366 0.000000
274 450 0.775312 0.000000
275 10 0.614965 11.400000
276 0 0.000000 100.000000
277 15 0.647957 2.600000
278 345 0.714760 0.000000
279 34 0.860240 0.000000
280 20 0.685036 0.200000
281 20 0.807796 0.000000
282 12 0.781360 0.000000
283 4 0.685105 9.200000
284 0 0.000000 100.000000
285 0 0.000000 100.000000
286 368 0.737862 0.000000
287 7 0.325744 94.800000
288 0 0.000000 100.000000
289 0 0.000000 100.000000
290 2 0.826389 6.200000
291 0 0.000000 100.000000
292 0 0.000000 100.000000
293 9 0.618434 9.800000
294 577 0.980936 2.000000
295 5 0.630017 17.000000
296 5 0.629319 16.000000
297 5 0.577312 26.800000
298 0 0.000000 100.000000
299 421 0.778765 0.000000
300 239 0.708742 0.000000
301 553 0.652007 0.400000
302 80 0.750201 0.000000
303 0 0.000000 100.000000
304 114 0.727900 0.000000
305 4 0.461237 66.000000
306 571 0.552164 32.400000
307 0 0.000000 100.000000
308 0 0.000000 100.000000
309 0 0.000000 100.000000
310 0 0.000000 100.000000
311 0 0.000000 100.000000
312 0 0.000000 100.000000
313 0 0.000000 100.000000
314 0 0.000000 100.000000
315 0 0.000000 100.000000
316 0 0.000000 100.000000
317 0 0.000000 100.000000
318 0 0.000000 100.000000
0 0 0.000000 0.000000
