0 374 0.723813 0.000000
1 401 0.755611 0.000000
2 230 0.832671 0.000000
3 77 0.748192 0.000000
4 123 0.787421 0.000000
5 10 0.514613 44.000000
6 0 0.000000 100.000000
7 10 0.596127 14.400000
8 14 0.515831 37.600000
9 0 0.000000 100.000000
10 0 0.000000 100.000000
11 147 0.794577 0.000000
12 44 0.662496 0.000000
13 108 0.796414 0.000000
14 41 0.768542 0.000000
15 55 0.728316 0.000000
16 9 0.591291 15.000000
17 162 0.672290 0.000000
18 4 0.490418 54.600000
19 6 0.642774 12.400000
20 4 0.471254 57.600000
21 0 0.000000 100.000000
22 168 0.734204 0.000000
23 20 0.751075 0.000000
24 29 0.639281 1.000000
25 97 0.725743 0.000000
26 3 0.311304 88.800000
27 15 0.604737 7.400000
28 5 0.467016 60.000000
29 5 0.450262 67.600000
30 0 0.000000 100.000000
31 1 0.811092 22.600000
32 21 0.687185 0.000000
33 0 0.000000 100.000000
34 3 0.237681 93.400000
35 1 0.596187 41.800000
36 4 0.409843 72.200000
37 6 0.554779 30.400000
38 1 0.447140 55.400000
39 25 0.711103 0.000000
40 20 0.725717 0.000000
41 0 0.000000 100.000000
42 0 0.000000 100.000000
43 0 0.000000 100.000000
44 0 0.000000 100.000000
45 0 0.000000 100.000000
46 0 0.000000 100.000000
47 1 0.753899 22.200000
48 87 0.831987 0.000000
49 0 0.000000 100.000000
50 0 0.000000 100.000000
51 10 0.590317 14.600000
52 0 0.000000 100.000000
53 0 0.000000 100.000000
54 4 0.650697 19.200000
55 24 0.751354 0.000000
56 7 0.353265 91.000000
57 1 0.738302 26.400000
58 0 0.000000 100.000000
59 0 0.000000 100.000000
60 0 0.000000 100.000000
61 2 0.500868 53.200000
62 33 0.743008 0.000000
63 1 0.753899 25.400000
64 10 0.489085 55.000000
65 11 0.644541 3.000000
66 0 0.000000 100.000000
67 2 0.683160 19.800000
68 0 0.000000 100.000000
69 0 0.000000 100.000000
70 0 0.000000 100.000000
71 10 0.519894 41.600000
72 0 0.000000 100.000000
73 11 0.666025 1.800000
74 0 0.000000 100.000000
75 3 0.928116 0.200000
76 0 0.000000 100.000000
77 0 0.000000 100.000000
78 0 0.000000 100.000000
79 0 0.000000 100.000000
80 0 0.000000 100.000000
81 0 0.000000 100.000000
82 0 0.000000 100.000000
83 112 0.673647 0.000000
84 63 0.650732 0.000000
85 108 0.860028 0.000000
86 0 0.000000 100.000000
87 373 0.825162 0.000000
88 0 0.000000 100.000000
89 0 0.000000 100.000000
90 0 0.000000 100.000000
91 0 0.000000 100.000000
92 0 0.000000 100.000000
93 0 0.000000 100.000000
94 0 0.000000 100.000000
95 0 0.000000 100.000000
96 0 0.000000 100.000000
97 63 0.769548 0.000000
98 0 0.000000 100.000000
99 14 0.709980 0.400000
100 51 0.787030 0.000000
101 73 0.777458 0.000000
102 3 0.304348 84.600000
103 0 0.000000 100.000000
104 0 0.000000 100.000000
105 0 0.000000 100.000000
106 0 0.000000 100.000000
107 1 0.402080 59.200000
108 7 0.391794 82.600000
109 4 0.610627 20.200000
110 0 0.000000 100.000000
111 128 0.725052 0.000000
112 63 0.806966 0.000000
113 0 0.000000 100.000000
114 5 0.597208 22.800000
115 0 0.000000 100.000000
116 0 0.000000 100.000000
117 0 0.000000 100.000000
118 2 0.900174 1.400000
119 0 0.000000 100.000000
120 23 0.595770 4.400000
121 0 0.000000 100.000000
122 3 0.390145 74.200000
123 0 0.000000 100.000000
124 3 0.433623 66.200000
125 0 0.000000 100.000000
126 6 0.507867 44.000000
127 3 0.616232 25.400000
128 2 0.631944 25.600000
129 0 0.000000 100.000000
130 0 0.000000 100.000000
131 0 0.000000 100.000000
132 8 0.620614 12.600000
133 0 0.000000 100.000000
134 98 0.717538 0.000000
135 37 0.772843 0.000000
136 230 0.814118 0.000000
137 25 0.678047 0.000000
138 3 0.553043 40.400000
139 4 0.486934 54.200000
140 0 0.000000 100.000000
141 0 0.000000 100.000000
142 90 0.699044 0.000000
143 0 0.000000 100.000000
144 0 0.000000 100.000000
145 0 0.000000 100.000000
146 13 0.381484 92.400000
147 0 0.000000 100.000000
148 31 0.672348 0.200000
149 6 0.510198 43.800000
150 16 0.591526 9.600000
151 0 0.000000 100.000000
152 2 0.699653 20.600000
153 0 0.000000 100.000000
154 0 0.000000 100.000000
155 0 0.000000 100.000000
156 0 0.000000 100.000000
157 0 0.000000 100.000000
158 0 0.000000 100.000000
159 0 0.000000 100.000000
160 0 0.000000 100.000000
161 0 0.000000 100.000000
162 0 0.000000 100.000000
163 0 0.000000 100.000000
164 1 0.391681 60.000000
165 0 0.000000 100.000000
166 0 0.000000 100.000000
167 0 0.000000 100.000000
168 98 0.639583 0.000000
169 8 0.410307 78.000000
170 59 0.653016 0.000000
171 28 0.734286 0.000000
172 7 0.629222 12.000000
173 1 0.797227 20.000000
174 0 0.000000 100.000000
175 21 0.715996 0.400000
176 102 0.867318 0.000000
177 0 0.000000 100.000000
178 80 0.793926 0.000000
179 77 0.785338 0.000000
180 123 0.784776 0.000000
181 79 0.824535 0.000000
182 24 0.629061 1.200000
183 267 0.828727 0.000000
184 0 0.000000 100.000000
185 0 0.000000 100.000000
186 0 0.000000 100.000000
187 8 0.486404 53.800000
188 0 0.000000 100.000000
189 0 0.000000 100.000000
190 0 0.000000 100.000000
191 0 0.000000 100.000000
192 0 0.000000 100.000000
193 0 0.000000 100.000000
194 0 0.000000 100.000000
195 1 0.870017 12.400000
196 1 0.889081 12.800000
197 2 0.459201 58.400000
198 0 0.000000 100.000000
199 5 0.278883 95.200000
200 7 0.623718 13.000000
201 0 0.000000 100.000000
202 0 0.000000 100.000000
203 1 0.027730 95.400000
204 0 0.000000 100.000000
205 0 0.000000 100.000000
206 0 0.000000 100.000000
207 0 0.000000 100.000000
208 1 0.071057 92.400000
209 0 0.000000 100.000000
210 19 0.439789 83.800000
211 0 0.000000 100.000000
212 1 0.629116 39.600000
213 23 0.554563 21.400000
214 0 0.000000 100.000000
215 0 0.000000 100.000000
216 0 0.000000 100.000000
217 0 0.000000 100.000000
218 0 0.000000 100.000000
219 0 0.000000 100.000000
220 0 0.000000 100.000000
221 0 0.000000 100.000000
222 0 0.000000 100.000000
223 1 0.244367 73.000000
224 0 0.000000 100.000000
225 0 0.000000 100.000000
226 0 0.000000 100.000000
227 0 0.000000 100.000000
228 0 0.000000 100.000000
229 0 0.000000 100.000000
230 0 0.000000 100.000000
231 0 0.000000 100.000000
232 0 0.000000 100.000000
233 0 0.000000 100.000000
234 0 0.000000 100.000000
235 0 0.000000 100.000000
236 0 0.000000 100.000000
237 1 0.343154 64.200000
238 2 0.847222 3.200000
239 0 0.000000 100.000000
240 0 0.000000 100.000000
241 0 0.000000 100.000000
242 0 0.000000 100.000000
243 0 0.000000 100.000000
244 2 0.260417 87.800000
245 5 0.534380 36.400000
246 0 0.000000 100.000000
247 0 0.000000 100.000000
248 0 0.000000 100.000000
249 0 0.000000 100.000000
250 0 0.000000 100.000000
251 0 0.000000 100.000000
252 0 0.000000 100.000000
253 0 0.000000 100.000000
254 0 0.000000 100.000000
255 0 0.000000 100.000000
256 0 0.000000 100.000000
257 0 0.000000 100.000000
258 0 0.000000 100.000000
259 0 0.000000 100.000000
260 0 0.000000 100.000000
261 0 0.000000 100.000000
262 0 0.000000 100.000000
263 0 0.000000 100.000000
264 0 0.000000 100.000000
265 0 0.000000 100.000000
266 0 0.000000 100.000000
267 0 0.000000 100.000000
268 0 0.000000 100.000000
269 0 0.000000 100.000000
270 0 0.000000 100.000000
271 0 0.000000 100.000000
272 0 0.000000 100.000000
273 486 0.780864 0.000000
274 445 0.810003 0.000000
275 2 0.889757 3.600000
276 0 0.000000 100.000000
277 16 0.615770 5.600000
278 353 0.773749 0.000000
279 45 0.824640 0.000000
280 19 0.632238 2.000000
281 18 0.751687 0.000000
282 12 0.696113 1.000000
283 6 0.687646 5.600000
284 0 0.000000 100.000000
285 0 0.000000 100.000000
286 366 0.760336 0.000000
287 8 0.612281 14.200000
288 0 0.000000 100.000000
289 0 0.000000 100.000000
290 0 0.000000 100.000000
291 1 0.778163 20.400000
292 0 0.000000 100.000000
293 10 0.608451 10.800000
294 578 0.000000 100.000000
295 3 0.361739 78.800000
296 3 0.348406 82.600000
297 3 0.344928 79.200000
298 0 0.000000 100.000000
299 422 0.747813 0.000000
300 246 0.736764 0.000000
301 552 0.671126 0.400000
302 81 0.784311 0.000000
303 0 0.000000 100.000000
304 126 0.733302 0.000000
305 6 0.587121 22.000000
306 571 0.682762 5.000000
307 0 0.000000 100.000000
308 0 0.000000 100.000000
309 0 0.000000 100.000000
310 0 0.000000 100.000000
311 0 0.000000 100.000000
312 0 0.000000 100.000000
313 0 0.000000 100.000000
314 0 0.000000 100.000000
315 0 0.000000 100.000000
316 0 0.000000 100.000000
317 0 0.000000 100.000000
318 0 0.000000 100.000000
0 0 0.000000 0.000000
