0 374 0.731100 0.000000
1 402 0.737449 0.000000
2 213 0.783575 0.000000
3 66 0.727865 0.000000
4 121 0.755032 0.000000
5 13 0.549217 24.600000
6 0 0.000000 100.000000
7 13 0.497209 52.600000
8 17 0.591066 9.200000
9 0 0.000000 100.000000
10 0 0.000000 100.000000
11 136 0.735311 0.000000
12 33 0.574812 6.600000
13 108 0.731107 0.000000
14 31 0.718877 0.000000
15 57 0.655554 0.000000
16 12 0.554181 26.400000
17 160 0.660960 0.000000
18 5 0.760908 2.000000
19 4 0.732578 5.200000
20 5 0.710297 4.800000
21 0 0.000000 100.000000
22 176 0.705959 0.000000
23 22 0.595569 6.600000
24 39 0.623757 0.400000
25 102 0.719517 0.000000
26 2 0.668403 21.400000
27 22 0.717462 0.000000
28 0 0.000000 100.000000
29 8 0.610746 14.200000
30 0 0.000000 100.000000
31 5 0.769634 1.600000
32 20 0.547133 24.600000
33 0 0.000000 100.000000
34 4 0.418118 72.000000
35 1 0.691508 30.200000
36 5 0.468761 58.800000
37 4 0.794425 1.200000
38 3 0.433623 69.000000
39 23 0.732550 0.000000
40 21 0.644182 1.400000
41 0 0.000000 100.000000
42 1 0.057192 94.400000
43 1 0.322357 62.000000
44 0 0.000000 100.000000
45 0 0.000000 100.000000
46 0 0.000000 100.000000
47 1 0.788562 19.200000
48 92 0.752438 0.000000
49 0 0.000000 100.000000
50 0 0.000000 100.000000
51 5 0.566492 32.000000
52 0 0.000000 100.000000
53 2 0.549479 37.000000
54 9 0.592267 17.200000
55 27 0.674195 0.200000
56 5 0.543106 38.800000
57 1 0.549393 44.200000
58 1 0.986135 2.000000
59 0 0.000000 100.000000
60 0 0.000000 100.000000
61 1 0.760832 23.000000
62 40 0.608132 1.600000
63 2 0.519097 43.800000
64 17 0.524484 35.000000
65 19 0.565578 17.600000
66 0 0.000000 100.000000
67 1 0.441941 56.400000
68 0 0.000000 100.000000
69 2 0.492188 53.600000
70 0 0.000000 100.000000
71 8 0.660746 8.000000
72 0 0.000000 100.000000
73 16 0.704626 0.200000
74 0 0.000000 100.000000
75 8 0.683333 4.600000
76 0 0.000000 100.000000
77 0 0.000000 100.000000
78 0 0.000000 100.000000
79 0 0.000000 100.000000
80 0 0.000000 100.000000
81 0 0.000000 100.000000
82 0 0.000000 100.000000
83 114 0.670656 0.000000
84 71 0.678751 0.000000
85 107 0.810147 0.000000
86 0 0.000000 100.000000
87 385 0.799341 0.000000
88 0 0.000000 100.000000
89 2 0.939236 0.800000
90 0 0.000000 100.000000
91 0 0.000000 100.000000
92 0 0.000000 100.000000
93 0 0.000000 100.000000
94 0 0.000000 100.000000
95 0 0.000000 100.000000
96 0 0.000000 100.000000
97 83 0.687112 0.000000
98 0 0.000000 100.000000
99 24 0.594991 6.800000
100 61 0.697403 0.000000
101 67 0.780296 0.000000
102 3 0.489275 49.000000
103 0 0.000000 100.000000
104 0 0.000000 100.000000
105 0 0.000000 100.000000
106 0 0.000000 100.000000
107 0 0.000000 100.000000
108 4 0.654181 15.400000
109 6 0.666667 9.800000
110 0 0.000000 100.000000
111 125 0.751647 0.000000
112 67 0.819260 0.000000
113 0 0.000000 100.000000
114 3 0.582029 33.000000
115 0 0.000000 100.000000
116 0 0.000000 100.000000
117 0 0.000000 100.000000
118 1 0.935875 6.000000
119 1 0.684575 31.600000
120 21 0.674019 0.000000
121 0 0.000000 100.000000
122 2 0.562500 37.600000
123 0 0.000000 100.000000
124 2 0.582465 36.800000
125 0 0.000000 100.000000
126 5 0.749040 1.800000
127 6 0.400932 80.600000
128 2 0.350694 79.400000
129 0 0.000000 100.000000
130 0 0.000000 100.000000
131 0 0.000000 100.000000
132 10 0.388908 89.800000
133 2 0.467014 53.200000
134 116 0.727814 0.000000
135 33 0.747679 0.000000
136 240 0.785750 0.000000
137 35 0.662773 0.000000
138 1 0.201040 82.400000
139 5 0.671204 8.400000
140 0 0.000000 100.000000
141 0 0.000000 100.000000
142 81 0.670616 0.000000
143 0 0.000000 100.000000
144 0 0.000000 100.000000
145 0 0.000000 100.000000
146 16 0.263123 99.800000
147 0 0.000000 100.000000
148 16 0.471753 62.000000
149 12 0.655330 4.400000
150 8 0.535526 36.600000
151 0 0.000000 100.000000
152 3 0.699130 11.600000
153 0 0.000000 100.000000
154 0 0.000000 100.000000
155 0 0.000000 100.000000
156 0 0.000000 100.000000
157 0 0.000000 100.000000
158 0 0.000000 100.000000
159 0 0.000000 100.000000
160 0 0.000000 100.000000
161 0 0.000000 100.000000
162 0 0.000000 100.000000
163 0 0.000000 100.000000
164 1 0.372617 64.200000
165 0 0.000000 100.000000
166 0 0.000000 100.000000
167 0 0.000000 100.000000
168 92 0.626476 0.000000
169 9 0.453232 68.000000
170 55 0.633513 0.000000
171 29 0.556058 15.400000
172 5 0.528796 41.800000
173 3 0.776812 5.400000
174 1 0.842288 15.600000
175 19 0.653328 1.400000
176 96 0.844334 0.000000
177 0 0.000000 100.000000
178 82 0.806796 0.000000
179 72 0.732790 0.000000
180 109 0.749927 0.000000
181 76 0.806249 0.000000
182 29 0.697067 0.000000
183 253 0.788981 0.000000
184 0 0.000000 100.000000
185 0 0.000000 100.000000
186 1 0.849220 14.000000
187 9 0.577622 19.000000
188 0 0.000000 100.000000
189 0 0.000000 100.000000
190 0 0.000000 100.000000
191 0 0.000000 100.000000
192 0 0.000000 100.000000
193 0 0.000000 100.000000
194 0 0.000000 100.000000
195 3 0.488696 54.000000
196 0 0.000000 100.000000
197 3 0.680000 18.600000
198 0 0.000000 100.000000
199 5 0.465271 58.800000
200 3 0.493913 46.400000
201 0 0.000000 100.000000
202 0 0.000000 100.000000
203 0 0.000000 100.000000
204 0 0.000000 100.000000
205 0 0.000000 100.000000
206 0 0.000000 100.000000
207 0 0.000000 100.000000
208 3 0.466667 60.600000
209 2 0.471354 55.800000
210 20 0.614158 4.400000
211 0 0.000000 100.000000
212 0 0.000000 100.000000
213 28 0.530909 28.600000
214 0 0.000000 100.000000
215 0 0.000000 100.000000
216 0 0.000000 100.000000
217 0 0.000000 100.000000
218 0 0.000000 100.000000
219 0 0.000000 100.000000
220 0 0.000000 100.000000
221 0 0.000000 100.000000
222 0 0.000000 100.000000
223 3 0.448116 62.600000
224 0 0.000000 100.000000
225 0 0.000000 100.000000
226 0 0.000000 100.000000
227 0 0.000000 100.000000
228 0 0.000000 100.000000
229 0 0.000000 100.000000
230 0 0.000000 100.000000
231 0 0.000000 100.000000
232 0 0.000000 100.000000
233 0 0.000000 100.000000
234 0 0.000000 100.000000
235 0 0.000000 100.000000
236 2 0.940972 1.400000
237 5 0.637347 15.400000
238 1 0.488735 51.800000
239 0 0.000000 100.000000
240 0 0.000000 100.000000
241 0 0.000000 100.000000
242 0 0.000000 100.000000
243 0 0.000000 100.000000
244 1 0.377816 60.200000
245 9 0.703183 1.000000
246 0 0.000000 100.000000
247 0 0.000000 100.000000
248 0 0.000000 100.000000
249 0 0.000000 100.000000
250 0 0.000000 100.000000
251 0 0.000000 100.000000
252 0 0.000000 100.000000
253 0 0.000000 100.000000
254 0 0.000000 100.000000
255 0 0.000000 100.000000
256 0 0.000000 100.000000
257 0 0.000000 100.000000
258 0 0.000000 100.000000
259 0 0.000000 100.000000
260 0 0.000000 100.000000
261 0 0.000000 100.000000
262 0 0.000000 100.000000
263 0 0.000000 100.000000
264 0 0.000000 100.000000
265 0 0.000000 100.000000
266 0 0.000000 100.000000
267 0 0.000000 100.000000
268 0 0.000000 100.000000
269 0 0.000000 100.000000
270 0 0.000000 100.000000
271 0 0.000000 100.000000
272 0 0.000000 100.000000
273 476 0.817968 0.000000
274 437 0.753542 0.000000
275 9 0.653974 6.600000
276 0 0.000000 100.000000
277 26 0.655797 0.200000
278 337 0.738441 0.000000
279 45 0.766437 0.000000
280 23 0.638386 1.000000
281 17 0.697494 0.200000
282 11 0.706750 1.000000
283 7 0.702027 2.600000
284 0 0.000000 100.000000
285 0 0.000000 100.000000
286 357 0.782565 0.000000
287 10 0.585739 17.800000
288 0 0.000000 100.000000
289 0 0.000000 100.000000
290 2 0.892361 2.800000
291 0 0.000000 100.000000
292 0 0.000000 100.000000
293 15 0.692718 0.200000
294 578 0.000000 100.000000
295 5 0.464572 60.600000
296 5 0.513089 49.800000
297 4 0.596690 26.400000
298 0 0.000000 100.000000
299 418 0.796307 0.000000
300 236 0.739394 0.000000
301 550 0.557662 13.600000
302 95 0.776485 0.000000
303 0 0.000000 100.000000
304 122 0.715110 0.000000
305 3 0.577391 29.400000
306 572 0.509324 44.400000
307 0 0.000000 100.000000
308 0 0.000000 100.000000
309 0 0.000000 100.000000
310 0 0.000000 100.000000
311 0 0.000000 100.000000
312 0 0.000000 100.000000
313 0 0.000000 100.000000
314 0 0.000000 100.000000
315 0 0.000000 100.000000
316 0 0.000000 100.000000
317 0 0.000000 100.000000
318 0 0.000000 100.000000
0 0 0.000000 0.000000
