0 366 0.744072 0.000000
1 390 0.782460 0.000000
2 216 0.821836 0.000000
3 81 0.823708 0.000000
4 124 0.767674 0.000000
5 16 0.396575 91.600000
6 0 0.000000 100.000000
7 16 0.542705 24.800000
8 8 0.695614 3.000000
9 0 0.000000 100.000000
10 0 0.000000 100.000000
11 147 0.785864 0.000000
12 42 0.659604 0.000000
13 107 0.765641 0.000000
14 43 0.763530 0.000000
15 63 0.595130 0.200000
16 16 0.555494 22.800000
17 160 0.716761 0.000000
18 5 0.587784 23.800000
19 7 0.721791 2.000000
20 11 0.635241 7.000000
21 0 0.000000 100.000000
22 179 0.718486 0.000000
23 25 0.717830 0.000000
24 31 0.629062 0.400000
25 108 0.700256 0.000000
26 3 0.426667 62.000000
27 15 0.537951 31.000000
28 5 0.454799 61.400000
29 8 0.486404 53.600000
30 0 0.000000 100.000000
31 5 0.418848 73.000000
32 13 0.682233 2.200000
33 0 0.000000 100.000000
34 5 0.488307 56.200000
35 0 0.000000 100.000000
36 12 0.556832 26.600000
37 7 0.718539 1.000000
38 3 0.409855 71.200000
39 26 0.732999 0.000000
40 22 0.670782 0.200000
41 0 0.000000 100.000000
42 0 0.000000 100.000000
43 0 0.000000 100.000000
44 0 0.000000 100.000000
45 0 0.000000 100.000000
46 0 0.000000 100.000000
47 1 0.298094 74.000000
48 88 0.871382 0.000000
49 0 0.000000 100.000000
50 0 0.000000 100.000000
51 5 0.772426 1.800000
52 0 0.000000 100.000000
53 1 0.703640 30.000000
54 2 0.230903 89.600000
55 25 0.777143 0.000000
56 0 0.000000 100.000000
57 1 0.071057 91.200000
58 0 0.000000 100.000000
59 0 0.000000 100.000000
60 0 0.000000 100.000000
61 0 0.000000 100.000000
62 31 0.729964 0.000000
63 0 0.000000 100.000000
64 16 0.398354 90.400000
65 16 0.422820 84.600000
66 0 0.000000 100.000000
67 4 0.682927 9.000000
68 0 0.000000 100.000000
69 1 0.173310 84.800000
70 0 0.000000 100.000000
71 8 0.350000 93.200000
72 0 0.000000 100.000000
73 14 0.699215 1.400000
74 0 0.000000 100.000000
75 4 0.838415 0.600000
76 0 0.000000 100.000000
77 1 0.731369 28.600000
78 0 0.000000 100.000000
79 0 0.000000 100.000000
80 0 0.000000 100.000000
81 0 0.000000 100.000000
82 0 0.000000 100.000000
83 99 0.722022 0.000000
84 69 0.721392 0.000000
85 104 0.837127 0.000000
86 0 0.000000 100.000000
87 374 0.807526 0.000000
88 0 0.000000 100.000000
89 3 0.773913 4.600000
90 0 0.000000 100.000000
91 0 0.000000 100.000000
92 0 0.000000 100.000000
93 0 0.000000 100.000000
94 0 0.000000 100.000000
95 0 0.000000 100.000000
96 0 0.000000 100.000000
97 73 0.695619 0.000000
98 1 0.698440 30.400000
99 12 0.495141 55.600000
100 60 0.681725 0.000000
101 66 0.798295 0.000000
102 4 0.752613 4.800000
103 0 0.000000 100.000000
104 0 0.000000 100.000000
105 0 0.000000 100.000000
106 0 0.000000 100.000000
107 0 0.000000 100.000000
108 5 0.476091 59.000000
109 2 0.517361 47.600000
110 0 0.000000 100.000000
111 135 0.731628 0.000000
112 50 0.829659 0.000000
113 0 0.000000 100.000000
114 1 0.927210 7.200000
115 0 0.000000 100.000000
116 2 0.391493 70.200000
117 0 0.000000 100.000000
118 3 0.850435 1.200000
119 1 0.443674 58.000000
120 23 0.643400 1.000000
121 0 0.000000 100.000000
122 0 0.000000 100.000000
123 0 0.000000 100.000000
124 7 0.587190 20.800000
125 0 0.000000 100.000000
126 8 0.351974 93.800000
127 3 0.649275 17.400000
128 2 0.569444 40.200000
129 0 0.000000 100.000000
130 0 0.000000 100.000000
131 0 0.000000 100.000000
132 7 0.695522 4.800000
133 2 0.587674 34.200000
134 102 0.713421 0.000000
135 37 0.802218 0.000000
136 235 0.813188 0.000000
137 28 0.726104 0.000000
138 2 0.389757 69.800000
139 1 0.679376 31.000000
140 0 0.000000 100.000000
141 0 0.000000 100.000000
142 82 0.746435 0.000000
143 0 0.000000 100.000000
144 0 0.000000 100.000000
145 0 0.000000 100.000000
146 18 0.340575 99.000000
147 0 0.000000 100.000000
148 18 0.696032 0.000000
149 8 0.682456 3.400000
150 12 0.586425 15.200000
151 0 0.000000 100.000000
152 6 0.554196 31.000000
153 0 0.000000 100.000000
154 0 0.000000 100.000000
155 0 0.000000 100.000000
156 0 0.000000 100.000000
157 0 0.000000 100.000000
158 0 0.000000 100.000000
159 0 0.000000 100.000000
160 0 0.000000 100.000000
161 0 0.000000 100.000000
162 0 0.000000 100.000000
163 0 0.000000 100.000000
164 0 0.000000 100.000000
165 0 0.000000 100.000000
166 0 0.000000 100.000000
167 0 0.000000 100.000000
168 86 0.663263 0.000000
169 11 0.627225 8.400000
170 51 0.640473 0.200000
171 18 0.573611 13.000000
172 5 0.565096 32.800000
173 4 0.287021 93.800000
174 1 0.601386 40.000000
175 18 0.732143 0.000000
176 99 0.862297 0.000000
177 0 0.000000 100.000000
178 93 0.741093 0.000000
179 63 0.729357 0.000000
180 111 0.702934 0.000000
181 73 0.881948 0.000000
182 20 0.725448 0.000000
183 253 0.769206 0.000000
184 0 0.000000 100.000000
185 0 0.000000 100.000000
186 0 0.000000 100.000000
187 11 0.503127 52.000000
188 0 0.000000 100.000000
189 0 0.000000 100.000000
190 0 0.000000 100.000000
191 0 0.000000 100.000000
192 0 0.000000 100.000000
193 0 0.000000 100.000000
194 0 0.000000 100.000000
195 1 0.398614 60.800000
196 1 0.025997 97.400000
197 4 0.715157 6.400000
198 1 0.726170 29.200000
199 2 0.545139 42.200000
200 3 0.565217 33.800000
201 0 0.000000 100.000000
202 0 0.000000 100.000000
203 1 0.031196 95.400000
204 0 0.000000 100.000000
205 0 0.000000 100.000000
206 0 0.000000 100.000000
207 0 0.000000 100.000000
208 2 0.265625 84.600000
209 2 0.362847 74.400000
210 18 0.505159 47.800000
211 0 0.000000 100.000000
212 0 0.000000 100.000000
213 23 0.579397 9.200000
214 0 0.000000 100.000000
215 0 0.000000 100.000000
216 0 0.000000 100.000000
217 0 0.000000 100.000000
218 0 0.000000 100.000000
219 0 0.000000 100.000000
220 0 0.000000 100.000000
221 0 0.000000 100.000000
222 0 0.000000 100.000000
223 3 0.452174 59.600000
224 0 0.000000 100.000000
225 0 0.000000 100.000000
226 0 0.000000 100.000000
227 0 0.000000 100.000000
228 0 0.000000 100.000000
229 0 0.000000 100.000000
230 0 0.000000 100.000000
231 0 0.000000 100.000000
232 0 0.000000 100.000000
233 0 0.000000 100.000000
234 0 0.000000 100.000000
235 0 0.000000 100.000000
236 3 0.816232 1.800000
237 4 0.685976 10.200000
238 4 0.541812 40.000000
239 0 0.000000 100.000000
240 0 0.000000 100.000000
241 0 0.000000 100.000000
242 0 0.000000 100.000000
243 0 0.000000 100.000000
244 3 0.743188 8.400000
245 17 0.687218 0.800000
246 0 0.000000 100.000000
247 0 0.000000 100.000000
248 0 0.000000 100.000000
249 0 0.000000 100.000000
250 0 0.000000 100.000000
251 0 0.000000 100.000000
252 0 0.000000 100.000000
253 0 0.000000 100.000000
254 0 0.000000 100.000000
255 0 0.000000 100.000000
256 0 0.000000 100.000000
257 0 0.000000 100.000000
258 0 0.000000 100.000000
259 0 0.000000 100.000000
260 0 0.000000 100.000000
261 0 0.000000 100.000000
262 0 0.000000 100.000000
263 0 0.000000 100.000000
264 0 0.000000 100.000000
265 0 0.000000 100.000000
266 0 0.000000 100.000000
267 0 0.000000 100.000000
268 0 0.000000 100.000000
269 0 0.000000 100.000000
270 0 0.000000 100.000000
271 0 0.000000 100.000000
272 0 0.000000 100.000000
273 483 0.808870 0.000000
274 438 0.751419 0.000000
275 10 0.557394 30.200000
276 0 0.000000 100.000000
277 25 0.643761 1.000000
278 352 0.766869 0.000000
279 41 0.797747 0.000000
280 21 0.730700 0.000000
281 15 0.739728 0.200000
282 12 0.744258 0.200000
283 1 0.062392 91.800000
284 0 0.000000 100.000000
285 0 0.000000 100.000000
286 360 0.736493 0.000000
287 5 0.625131 16.800000
288 0 0.000000 100.000000
289 0 0.000000 100.000000
290 4 0.666376 14.200000
291 0 0.000000 100.000000
292 0 0.000000 100.000000
293 5 0.729145 4.000000
294 578 0.000000 100.000000
295 5 0.492496 49.200000
296 4 0.488676 54.600000
297 5 0.357068 87.800000
298 0 0.000000 100.000000
299 412 0.766844 0.000000
300 227 0.723496 0.000000
301 545 0.511537 37.200000
302 83 0.783425 0.000000
303 0 0.000000 100.000000
304 126 0.736796 0.000000
305 3 0.581449 31.600000
306 570 0.683333 3.000000
307 0 0.000000 100.000000
308 0 0.000000 100.000000
309 0 0.000000 100.000000
310 0 0.000000 100.000000
311 0 0.000000 100.000000
312 0 0.000000 100.000000
313 0 0.000000 100.000000
314 0 0.000000 100.000000
315 0 0.000000 100.000000
316 0 0.000000 100.000000
317 0 0.000000 100.000000
318 0 0.000000 100.000000
0 0 0.000000 0.000000
