0 365 0.702090 0.000000
1 409 0.712967 0.000000
2 239 0.786722 0.000000
3 90 0.781330 0.000000
4 124 0.757123 0.000000
5 9 0.243117 100.000000
6 0 0.000000 100.000000
7 15 0.476258 63.400000
8 11 0.694404 1.200000
9 0 0.000000 100.000000
10 0 0.000000 100.000000
11 159 0.757944 0.000000
12 46 0.639466 0.200000
13 115 0.753254 0.000000
14 50 0.804583 0.000000
15 62 0.656664 0.000000
16 16 0.626557 3.200000
17 174 0.667591 0.000000
18 8 0.584430 22.600000
19 6 0.563520 29.600000
20 5 0.524956 46.400000
21 0 0.000000 100.000000
22 189 0.715047 0.000000
23 21 0.673848 0.600000
24 25 0.526655 28.400000
25 126 0.737059 0.000000
26 4 0.443380 64.400000
27 20 0.591935 8.200000
28 1 0.974003 3.000000
29 5 0.467016 57.800000
30 0 0.000000 100.000000
31 5 0.564398 26.200000
32 16 0.666815 0.400000
33 0 0.000000 100.000000
34 7 0.446335 67.400000
35 1 0.753899 23.000000
36 11 0.621934 6.800000
37 6 0.637821 11.400000
38 0 0.000000 100.000000
39 25 0.767233 0.000000
40 36 0.699774 0.000000
41 0 0.000000 100.000000
42 0 0.000000 100.000000
43 1 0.067591 93.200000
44 0 0.000000 100.000000
45 0 0.000000 100.000000
46 0 0.000000 100.000000
47 0 0.000000 100.000000
48 87 0.808952 0.000000
49 0 0.000000 100.000000
50 0 0.000000 100.000000
51 4 0.388937 80.800000
52 0 0.000000 100.000000
53 1 0.589255 39.600000
54 3 0.496812 50.800000
55 35 0.758274 0.000000
56 4 0.361934 83.400000
57 1 0.077990 94.200000
58 2 0.326389 80.600000
59 1 0.110919 87.800000
60 0 0.000000 100.000000
61 1 0.679376 30.200000
62 45 0.755639 0.000000
63 1 0.792028 19.000000
64 13 0.604084 11.000000
65 14 0.545973 28.800000
66 0 0.000000 100.000000
67 3 0.706087 11.200000
68 0 0.000000 100.000000
69 0 0.000000 100.000000
70 0 0.000000 100.000000
71 10 0.547535 31.600000
72 0 0.000000 100.000000
73 14 0.655015 1.800000
74 0 0.000000 100.000000
75 3 0.568696 34.600000
76 0 0.000000 100.000000
77 1 0.048527 95.800000
78 0 0.000000 100.000000
79 0 0.000000 100.000000
80 0 0.000000 100.000000
81 0 0.000000 100.000000
82 0 0.000000 100.000000
83 96 0.705221 0.000000
84 65 0.610076 0.000000
85 96 0.829227 0.000000
86 0 0.000000 100.000000
87 366 0.765208 0.000000
88 0 0.000000 100.000000
89 0 0.000000 100.000000
90 0 0.000000 100.000000
91 0 0.000000 100.000000
92 0 0.000000 100.000000
93 0 0.000000 100.000000
94 0 0.000000 100.000000
95 0 0.000000 100.000000
96 0 0.000000 100.000000
97 75 0.698555 0.000000
98 2 0.567708 36.000000
99 22 0.638162 1.000000
100 53 0.712561 0.000000
101 65 0.805578 0.000000
102 5 0.448168 65.600000
103 0 0.000000 100.000000
104 0 0.000000 100.000000
105 0 0.000000 100.000000
106 0 0.000000 100.000000
107 0 0.000000 100.000000
108 4 0.658101 12.200000
109 1 0.403813 60.000000
110 0 0.000000 100.000000
111 115 0.726021 0.000000
112 47 0.809793 0.000000
113 0 0.000000 100.000000
114 8 0.584211 24.400000
115 1 0.620451 36.400000
116 0 0.000000 100.000000
117 0 0.000000 100.000000
118 4 0.373258 79.600000
119 0 0.000000 100.000000
120 28 0.597727 3.400000
121 0 0.000000 100.000000
122 1 0.750433 24.600000
123 1 0.263432 71.800000
124 4 0.472561 60.200000
125 1 0.142114 87.400000
126 6 0.458333 61.000000
127 4 0.461237 61.400000
128 2 0.337674 77.600000
129 0 0.000000 100.000000
130 0 0.000000 100.000000
131 0 0.000000 100.000000
132 12 0.508245 44.400000
133 3 0.653913 14.600000
134 91 0.611977 0.000000
135 33 0.703753 0.000000
136 233 0.763737 0.000000
137 26 0.621446 3.000000
138 1 0.948007 6.600000
139 2 0.468750 54.800000
140 0 0.000000 100.000000
141 0 0.000000 100.000000
142 76 0.744365 0.000000
143 0 0.000000 100.000000
144 0 0.000000 100.000000
145 0 0.000000 100.000000
146 10 0.335211 97.400000
147 0 0.000000 100.000000
148 17 0.743316 0.000000
149 5 0.669110 13.000000
150 7 0.702777 2.200000
151 0 0.000000 100.000000
152 4 0.496516 46.400000
153 0 0.000000 100.000000
154 0 0.000000 100.000000
155 0 0.000000 100.000000
156 0 0.000000 100.000000
157 0 0.000000 100.000000
158 0 0.000000 100.000000
159 0 0.000000 100.000000
160 0 0.000000 100.000000
161 0 0.000000 100.000000
162 0 0.000000 100.000000
163 0 0.000000 100.000000
164 1 0.069324 94.000000
165 0 0.000000 100.000000
166 0 0.000000 100.000000
167 0 0.000000 100.000000
168 84 0.631362 0.000000
169 8 0.500439 52.600000
170 52 0.675782 0.000000
171 29 0.645877 0.600000
172 6 0.602273 19.400000
173 3 0.397101 73.600000
174 0 0.000000 100.000000
175 21 0.654099 0.600000
176 94 0.810247 0.000000
177 0 0.000000 100.000000
178 89 0.712047 0.000000
179 81 0.717863 0.000000
180 141 0.730010 0.000000
181 65 0.811936 0.000000
182 20 0.668728 0.400000
183 278 0.780216 0.000000
184 0 0.000000 100.000000
185 0 0.000000 100.000000
186 0 0.000000 100.000000
187 9 0.619020 12.400000
188 0 0.000000 100.000000
189 0 0.000000 100.000000
190 0 0.000000 100.000000
191 0 0.000000 100.000000
192 0 0.000000 100.000000
193 0 0.000000 100.000000
194 0 0.000000 100.000000
195 1 0.611785 36.200000
196 2 0.227431 90.200000
197 0 0.000000 100.000000
198 0 0.000000 100.000000
199 2 0.269097 84.800000
200 1 0.913345 9.000000
201 0 0.000000 100.000000
202 0 0.000000 100.000000
203 1 0.001733 100.000000
204 0 0.000000 100.000000
205 0 0.000000 100.000000
206 1 0.029463 96.800000
207 0 0.000000 100.000000
208 2 0.044271 99.600000
209 1 0.097054 87.800000
210 17 0.552585 20.000000
211 0 0.000000 100.000000
212 0 0.000000 100.000000
213 23 0.499961 52.200000
214 0 0.000000 100.000000
215 0 0.000000 100.000000
216 0 0.000000 100.000000
217 0 0.000000 100.000000
218 0 0.000000 100.000000
219 0 0.000000 100.000000
220 0 0.000000 100.000000
221 0 0.000000 100.000000
222 0 0.000000 100.000000
223 0 0.000000 100.000000
224 0 0.000000 100.000000
225 0 0.000000 100.000000
226 0 0.000000 100.000000
227 0 0.000000 100.000000
228 0 0.000000 100.000000
229 0 0.000000 100.000000
230 0 0.000000 100.000000
231 0 0.000000 100.000000
232 0 0.000000 100.000000
233 0 0.000000 100.000000
234 0 0.000000 100.000000
235 0 0.000000 100.000000
236 0 0.000000 100.000000
237 0 0.000000 100.000000
238 1 0.256499 73.800000
239 0 0.000000 100.000000
240 0 0.000000 100.000000
241 0 0.000000 100.000000
242 0 0.000000 100.000000
243 0 0.000000 100.000000
244 1 0.556326 44.800000
245 4 0.397648 75.200000
246 0 0.000000 100.000000
247 0 0.000000 100.000000
248 0 0.000000 100.000000
249 0 0.000000 100.000000
250 0 0.000000 100.000000
251 0 0.000000 100.000000
252 0 0.000000 100.000000
253 0 0.000000 100.000000
254 0 0.000000 100.000000
255 0 0.000000 100.000000
256 0 0.000000 100.000000
257 0 0.000000 100.000000
258 0 0.000000 100.000000
259 0 0.000000 100.000000
260 0 0.000000 100.000000
261 0 0.000000 100.000000
262 0 0.000000 100.000000
263 0 0.000000 100.000000
264 0 0.000000 100.000000
265 0 0.000000 100.000000
266 0 0.000000 100.000000
267 0 0.000000 100.000000
268 0 0.000000 100.000000
269 0 0.000000 100.000000
270 0 0.000000 100.000000
271 0 0.000000 100.000000
272 0 0.000000 100.000000
273 487 0.806620 0.000000
274 453 0.776971 0.000000
275 14 0.518744 42.400000
276 0 0.000000 100.000000
277 28 0.545584 23.200000
278 353 0.742373 0.000000
279 52 0.734535 0.000000
280 30 0.670377 0.000000
281 26 0.735089 0.000000
282 17 0.790500 0.000000
283 4 0.289634 91.400000
284 0 0.000000 100.000000
285 0 0.000000 100.000000
286 345 0.734951 0.000000
287 6 0.569639 26.400000
288 0 0.000000 100.000000
289 0 0.000000 100.000000
290 0 0.000000 100.000000
291 0 0.000000 100.000000
292 0 0.000000 100.000000
293 7 0.730298 2.000000
294 578 0.000000 100.000000
295 9 0.539738 35.000000
296 7 0.508131 44.600000
297 8 0.569956 24.400000
298 0 0.000000 100.000000
299 408 0.714951 0.000000
300 247 0.695121 0.000000
301 550 0.650974 0.000000
302 93 0.744020 0.000000
303 0 0.000000 100.000000
304 124 0.745826 0.000000
305 3 0.202319 95.800000
306 574 0.529181 39.600000
307 0 0.000000 100.000000
308 0 0.000000 100.000000
309 0 0.000000 100.000000
310 0 0.000000 100.000000
311 0 0.000000 100.000000
312 0 0.000000 100.000000
313 0 0.000000 100.000000
314 0 0.000000 100.000000
315 0 0.000000 100.000000
316 0 0.000000 100.000000
317 0 0.000000 100.000000
318 0 0.000000 100.000000
0 0 0.000000 0.000000
