0 366 0.746469 0.000000
1 390 0.776214 0.000000
2 216 0.803266 0.000000
3 81 0.882704 0.000000
4 124 0.799897 0.000000
5 16 0.378336 95.400000
6 0 0.000000 100.000000
7 16 0.415925 88.200000
8 8 0.763596 0.000000
9 0 0.000000 100.000000
10 0 0.000000 100.000000
11 147 0.818363 0.000000
12 42 0.669332 0.000000
13 107 0.784491 0.000000
14 43 0.783091 0.000000
15 63 0.688088 0.000000
16 16 0.413256 88.000000
17 160 0.789234 0.000000
18 5 0.538220 39.200000
19 7 0.667250 5.000000
20 11 0.563412 23.800000
21 0 0.000000 100.000000
22 179 0.729645 0.000000
23 25 0.675081 0.000000
24 31 0.775550 0.000000
25 108 0.778014 0.000000
26 3 0.432464 66.600000
27 15 0.700414 0.600000
28 5 0.788133 0.600000
29 8 0.635965 12.800000
30 0 0.000000 100.000000
31 5 0.689354 7.800000
32 13 0.869299 0.000000
33 0 0.000000 100.000000
34 5 0.561257 30.600000
35 0 0.000000 100.000000
36 12 0.576266 18.200000
37 7 0.678259 4.600000
38 3 0.413333 69.000000
39 26 0.706173 0.000000
40 22 0.730625 0.000000
41 0 0.000000 100.000000
42 0 0.000000 100.000000
43 0 0.000000 100.000000
44 0 0.000000 100.000000
45 0 0.000000 100.000000
46 0 0.000000 100.000000
47 1 0.223570 81.400000
48 88 0.867834 0.000000
49 0 0.000000 100.000000
50 0 0.000000 100.000000
51 5 0.571728 31.000000
52 0 0.000000 100.000000
53 1 0.367418 62.400000
54 2 0.348958 73.200000
55 25 0.803834 0.000000
56 0 0.000000 100.000000
57 1 0.050260 96.200000
58 0 0.000000 100.000000
59 0 0.000000 100.000000
60 0 0.000000 100.000000
61 0 0.000000 100.000000
62 31 0.769948 0.000000
63 0 0.000000 100.000000
64 16 0.652802 1.800000
65 16 0.634898 2.800000
66 0 0.000000 100.000000
67 4 0.549216 38.200000
68 0 0.000000 100.000000
69 1 0.232236 76.800000
70 0 0.000000 100.000000
71 8 0.366228 89.400000
72 0 0.000000 100.000000
73 14 0.455294 72.800000
74 0 0.000000 100.000000
75 4 0.768728 3.800000
76 0 0.000000 100.000000
77 1 0.582322 40.000000
78 0 0.000000 100.000000
79 0 0.000000 100.000000
80 0 0.000000 100.000000
81 0 0.000000 100.000000
82 0 0.000000 100.000000
83 99 0.795196 0.000000
84 69 0.724922 0.000000
85 104 0.891310 0.000000
86 0 0.000000 100.000000
87 374 0.814761 0.000000
88 0 0.000000 100.000000
89 3 0.557101 38.000000
90 0 0.000000 100.000000
91 0 0.000000 100.000000
92 0 0.000000 100.000000
93 0 0.000000 100.000000
94 0 0.000000 100.000000
95 0 0.000000 100.000000
96 0 0.000000 100.000000
97 73 0.720955 0.000000
98 1 0.882149 12.600000
99 12 0.629859 7.800000
100 60 0.730309 0.000000
101 66 0.743608 0.000000
102 4 0.514373 43.600000
103 0 0.000000 100.000000
104 0 0.000000 100.000000
105 0 0.000000 100.000000
106 0 0.000000 100.000000
107 0 0.000000 100.000000
108 5 0.552880 35.400000
109 2 0.014757 100.000000
110 0 0.000000 100.000000
111 135 0.789650 0.000000
112 50 0.847992 0.000000
113 0 0.000000 100.000000
114 1 0.942808 6.400000
115 0 0.000000 100.000000
116 2 0.730903 12.800000
117 0 0.000000 100.000000
118 3 0.659710 17.000000
119 1 0.493934 51.000000
120 23 0.741246 0.000000
121 0 0.000000 100.000000
122 0 0.000000 100.000000
123 0 0.000000 100.000000
124 7 0.695021 5.000000
125 0 0.000000 100.000000
126 8 0.244737 99.600000
127 3 0.462609 56.800000
128 2 0.774306 11.400000
129 0 0.000000 100.000000
130 0 0.000000 100.000000
131 0 0.000000 100.000000
132 7 0.521641 42.200000
133 2 0.217014 93.200000
134 102 0.728600 0.000000
135 37 0.843333 0.000000
136 235 0.830197 0.000000
137 28 0.699545 0.000000
138 2 0.188368 92.800000
139 1 0.563258 48.200000
140 0 0.000000 100.000000
141 0 0.000000 100.000000
142 82 0.753221 0.000000
143 0 0.000000 100.000000
144 0 0.000000 100.000000
145 0 0.000000 100.000000
146 18 0.534028 32.000000
147 0 0.000000 100.000000
148 18 0.703571 0.000000
149 8 0.557895 31.200000
150 12 0.606302 9.800000
151 0 0.000000 100.000000
152 6 0.587413 25.600000
153 0 0.000000 100.000000
154 0 0.000000 100.000000
155 0 0.000000 100.000000
156 0 0.000000 100.000000
157 0 0.000000 100.000000
158 0 0.000000 100.000000
159 0 0.000000 100.000000
160 0 0.000000 100.000000
161 0 0.000000 100.000000
162 0 0.000000 100.000000
163 0 0.000000 100.000000
164 0 0.000000 100.000000
165 0 0.000000 100.000000
166 0 0.000000 100.000000
167 0 0.000000 100.000000
168 86 0.715613 0.000000
169 11 0.452140 70.400000
170 51 0.739145 0.000000
171 18 0.798710 0.000000
172 5 0.493543 51.600000
173 4 0.261760 95.600000
174 1 0.781629 22.200000
175 18 0.769544 0.000000
176 99 0.868919 0.000000
177 0 0.000000 100.000000
178 93 0.802217 0.000000
179 63 0.767360 0.000000
180 111 0.719563 0.000000
181 73 0.908965 0.000000
182 20 0.799552 0.000000
183 253 0.798480 0.000000
184 0 0.000000 100.000000
185 0 0.000000 100.000000
186 0 0.000000 100.000000
187 11 0.438191 74.800000
188 0 0.000000 100.000000
189 0 0.000000 100.000000
190 0 0.000000 100.000000
191 0 0.000000 100.000000
192 0 0.000000 100.000000
193 0 0.000000 100.000000
194 0 0.000000 100.000000
195 1 0.630849 41.400000
196 1 0.103986 92.600000
197 4 0.644599 15.600000
198 1 0.733102 28.200000
199 2 0.672743 21.200000
200 3 0.713623 12.200000
201 0 0.000000 100.000000
202 0 0.000000 100.000000
203 1 0.757366 26.000000
204 0 0.000000 100.000000
205 0 0.000000 100.000000
206 0 0.000000 100.000000
207 0 0.000000 100.000000
208 2 0.298611 82.600000
209 2 0.736111 12.200000
210 18 0.756151 0.000000
211 0 0.000000 100.000000
212 0 0.000000 100.000000
213 23 0.751116 0.000000
214 0 0.000000 100.000000
215 0 0.000000 100.000000
216 0 0.000000 100.000000
217 0 0.000000 100.000000
218 0 0.000000 100.000000
219 0 0.000000 100.000000
220 0 0.000000 100.000000
221 0 0.000000 100.000000
222 0 0.000000 100.000000
223 3 0.262609 93.800000
224 0 0.000000 100.000000
225 0 0.000000 100.000000
226 0 0.000000 100.000000
227 0 0.000000 100.000000
228 0 0.000000 100.000000
229 0 0.000000 100.000000
230 0 0.000000 100.000000
231 0 0.000000 100.000000
232 0 0.000000 100.000000
233 0 0.000000 100.000000
234 0 0.000000 100.000000
235 0 0.000000 100.000000
236 3 0.501449 51.600000
237 4 0.729965 5.600000
238 4 0.807491 3.400000
239 0 0.000000 100.000000
240 0 0.000000 100.000000
241 0 0.000000 100.000000
242 0 0.000000 100.000000
243 0 0.000000 100.000000
244 3 0.428986 63.600000
245 17 0.731047 0.000000
246 0 0.000000 100.000000
247 0 0.000000 100.000000
248 0 0.000000 100.000000
249 0 0.000000 100.000000
250 0 0.000000 100.000000
251 0 0.000000 100.000000
252 0 0.000000 100.000000
253 0 0.000000 100.000000
254 0 0.000000 100.000000
255 0 0.000000 100.000000
256 0 0.000000 100.000000
257 0 0.000000 100.000000
258 0 0.000000 100.000000
259 0 0.000000 100.000000
260 0 0.000000 100.000000
261 0 0.000000 100.000000
262 0 0.000000 100.000000
263 0 0.000000 100.000000
264 0 0.000000 100.000000
265 0 0.000000 100.000000
266 0 0.000000 100.000000
267 0 0.000000 100.000000
268 0 0.000000 100.000000
269 0 0.000000 100.000000
270 0 0.000000 100.000000
271 0 0.000000 100.000000
272 0 0.000000 100.000000
273 483 0.875210 0.000000
274 438 0.790232 0.000000
275 10 0.500352 46.000000
276 0 0.000000 100.000000
277 25 0.653382 1.200000
278 352 0.780194 0.000000
279 41 0.799155 0.000000
280 21 0.818073 0.000000
281 15 0.793724 0.000000
282 12 0.787250 0.200000
283 1 0.093588 91.400000
284 0 0.000000 100.000000
285 0 0.000000 100.000000
286 360 0.767457 0.000000
287 5 0.381501 82.000000
288 0 0.000000 100.000000
289 0 0.000000 100.000000
290 4 0.301394 91.600000
291 0 0.000000 100.000000
292 0 0.000000 100.000000
293 5 0.667714 10.000000
294 578 0.000000 100.000000
295 5 0.521815 41.000000
296 4 0.251307 95.600000
297 5 0.411518 77.600000
298 0 0.000000 100.000000
299 412 0.753524 0.000000
300 227 0.720245 0.000000
301 545 0.717209 0.000000
302 83 0.769308 0.000000
303 0 0.000000 100.000000
304 126 0.740641 0.000000
305 3 0.681739 14.600000
306 570 0.558772 28.600000
307 0 0.000000 100.000000
308 0 0.000000 100.000000
309 0 0.000000 100.000000
310 0 0.000000 100.000000
311 0 0.000000 100.000000
312 0 0.000000 100.000000
313 0 0.000000 100.000000
314 0 0.000000 100.000000
315 0 0.000000 100.000000
316 0 0.000000 100.000000
317 0 0.000000 100.000000
318 0 0.000000 100.000000
0 0 0.000000 0.000000
