0 373 0.750016 0.000000
1 417 0.783785 0.000000
2 238 0.796453 0.000000
3 104 0.797793 0.000000
4 133 0.784523 0.000000
5 12 0.518846 41.600000
6 0 0.000000 100.000000
7 7 0.466850 64.000000
8 17 0.718255 0.200000
9 0 0.000000 100.000000
10 0 0.000000 100.000000
11 144 0.801219 0.000000
12 44 0.662751 0.000000
13 108 0.781304 0.000000
14 39 0.818895 0.000000
15 57 0.737920 0.000000
16 12 0.508834 44.000000
17 154 0.784060 0.000000
18 7 0.645484 9.200000
19 7 0.547160 35.200000
20 9 0.824644 0.000000
21 0 0.000000 100.000000
22 175 0.772648 0.000000
23 27 0.798010 0.000000
24 37 0.744217 0.000000
25 94 0.794641 0.000000
26 1 0.892548 11.800000
27 19 0.759627 0.000000
28 3 0.800000 4.600000
29 4 0.360627 85.200000
30 0 0.000000 100.000000
31 3 0.328696 83.400000
32 17 0.678096 0.400000
33 0 0.000000 100.000000
34 1 0.932409 10.200000
35 0 0.000000 100.000000
36 9 0.450107 68.400000
37 7 0.595196 19.200000
38 1 0.053726 93.200000
39 30 0.748844 0.000000
40 26 0.709378 0.000000
41 0 0.000000 100.000000
42 0 0.000000 100.000000
43 3 0.248116 92.000000
44 0 0.000000 100.000000
45 0 0.000000 100.000000
46 0 0.000000 100.000000
47 5 0.268761 96.800000
48 103 0.728871 0.000000
49 0 0.000000 100.000000
50 0 0.000000 100.000000
51 5 0.693194 5.600000
52 0 0.000000 100.000000
53 0 0.000000 100.000000
54 4 0.427700 67.200000
55 34 0.765841 0.000000
56 2 0.522569 46.400000
57 2 0.751736 16.200000
58 0 0.000000 100.000000
59 0 0.000000 100.000000
60 0 0.000000 100.000000
61 0 0.000000 100.000000
62 42 0.648854 0.000000
63 0 0.000000 100.000000
64 13 0.368550 93.800000
65 13 0.523213 39.000000
66 0 0.000000 100.000000
67 1 0.577123 42.400000
68 0 0.000000 100.000000
69 0 0.000000 100.000000
70 0 0.000000 100.000000
71 10 0.481866 58.000000
72 0 0.000000 100.000000
73 11 0.590508 14.000000
74 0 0.000000 100.000000
75 6 0.400058 78.800000
76 0 0.000000 100.000000
77 1 0.202773 75.200000
78 0 0.000000 100.000000
79 0 0.000000 100.000000
80 0 0.000000 100.000000
81 0 0.000000 100.000000
82 0 0.000000 100.000000
83 98 0.753444 0.000000
84 81 0.664630 0.000000
85 106 0.878578 0.000000
86 0 0.000000 100.000000
87 381 0.767217 0.000000
88 0 0.000000 100.000000
89 4 0.435540 66.000000
90 0 0.000000 100.000000
91 0 0.000000 100.000000
92 0 0.000000 100.000000
93 0 0.000000 100.000000
94 0 0.000000 100.000000
95 0 0.000000 100.000000
96 0 0.000000 100.000000
97 71 0.841709 0.000000
98 0 0.000000 100.000000
99 13 0.671886 0.800000
100 59 0.834068 0.000000
101 73 0.832660 0.000000
102 5 0.544154 38.000000
103 0 0.000000 100.000000
104 0 0.000000 100.000000
105 0 0.000000 100.000000
106 0 0.000000 100.000000
107 0 0.000000 100.000000
108 7 0.555917 31.000000
109 2 0.163194 95.000000
110 0 0.000000 100.000000
111 118 0.721794 0.000000
112 57 0.732700 0.000000
113 0 0.000000 100.000000
114 5 0.509948 44.800000
115 0 0.000000 100.000000
116 0 0.000000 100.000000
117 0 0.000000 100.000000
118 6 0.681818 5.600000
119 0 0.000000 100.000000
120 28 0.811623 0.000000
121 0 0.000000 100.000000
122 2 0.680556 19.400000
123 0 0.000000 100.000000
124 3 0.740290 8.600000
125 1 0.322357 69.600000
126 8 0.428947 76.400000
127 7 0.440831 72.400000
128 5 0.329494 89.400000
129 0 0.000000 100.000000
130 0 0.000000 100.000000
131 0 0.000000 100.000000
132 9 0.419840 74.000000
133 0 0.000000 100.000000
134 97 0.781726 0.000000
135 40 0.840149 0.000000
136 223 0.800872 0.000000
137 25 0.607957 1.400000
138 1 0.008666 99.800000
139 1 0.201040 79.600000
140 0 0.000000 100.000000
141 0 0.000000 100.000000
142 97 0.719763 0.000000
143 0 0.000000 100.000000
144 0 0.000000 100.000000
145 0 0.000000 100.000000
146 15 0.469390 64.800000
147 0 0.000000 100.000000
148 21 0.774216 0.000000
149 5 0.653403 10.600000
150 12 0.532686 30.000000
151 0 0.000000 100.000000
152 4 0.308798 89.000000
153 0 0.000000 100.000000
154 0 0.000000 100.000000
155 0 0.000000 100.000000
156 0 0.000000 100.000000
157 0 0.000000 100.000000
158 0 0.000000 100.000000
159 0 0.000000 100.000000
160 0 0.000000 100.000000
161 0 0.000000 100.000000
162 0 0.000000 100.000000
163 0 0.000000 100.000000
164 0 0.000000 100.000000
165 0 0.000000 100.000000
166 0 0.000000 100.000000
167 0 0.000000 100.000000
168 95 0.711169 0.000000
169 11 0.294212 99.000000
170 36 0.717302 0.000000
171 19 0.746257 0.000000
172 4 0.438153 70.800000
173 7 0.574681 22.400000
174 1 0.575390 44.600000
175 19 0.591470 8.200000
176 89 0.868362 0.000000
177 0 0.000000 100.000000
178 68 0.814792 0.000000
179 71 0.757758 0.000000
180 126 0.795372 0.000000
181 75 0.870934 0.000000
182 18 0.645139 1.800000
183 245 0.811154 0.000000
184 0 0.000000 100.000000
185 0 0.000000 100.000000
186 0 0.000000 100.000000
187 8 0.522588 47.400000
188 0 0.000000 100.000000
189 0 0.000000 100.000000
190 0 0.000000 100.000000
191 0 0.000000 100.000000
192 0 0.000000 100.000000
193 0 0.000000 100.000000
194 0 0.000000 100.000000
195 1 0.076256 93.200000
196 1 0.998267 0.200000
197 2 0.933160 2.400000
198 0 0.000000 100.000000
199 2 0.574653 36.400000
200 7 0.723292 1.400000
201 0 0.000000 100.000000
202 0 0.000000 100.000000
203 1 0.729636 27.600000
204 0 0.000000 100.000000
205 0 0.000000 100.000000
206 1 0.435009 54.000000
207 0 0.000000 100.000000
208 3 0.303768 89.200000
209 0 0.000000 100.000000
210 20 0.672939 0.000000
211 0 0.000000 100.000000
212 1 0.516464 50.000000
213 26 0.675934 0.200000
214 0 0.000000 100.000000
215 0 0.000000 100.000000
216 0 0.000000 100.000000
217 0 0.000000 100.000000
218 0 0.000000 100.000000
219 0 0.000000 100.000000
220 0 0.000000 100.000000
221 0 0.000000 100.000000
222 0 0.000000 100.000000
223 2 0.404514 69.800000
224 0 0.000000 100.000000
225 0 0.000000 100.000000
226 0 0.000000 100.000000
227 0 0.000000 100.000000
228 0 0.000000 100.000000
229 0 0.000000 100.000000
230 0 0.000000 100.000000
231 0 0.000000 100.000000
232 0 0.000000 100.000000
233 0 0.000000 100.000000
234 0 0.000000 100.000000
235 0 0.000000 100.000000
236 2 0.471354 53.800000
237 6 0.590326 22.400000
238 1 0.376083 62.000000
239 0 0.000000 100.000000
240 0 0.000000 100.000000
241 0 0.000000 100.000000
242 0 0.000000 100.000000
243 0 0.000000 100.000000
244 1 0.847487 16.000000
245 11 0.689915 1.600000
246 0 0.000000 100.000000
247 0 0.000000 100.000000
248 0 0.000000 100.000000
249 0 0.000000 100.000000
250 0 0.000000 100.000000
251 0 0.000000 100.000000
252 0 0.000000 100.000000
253 0 0.000000 100.000000
254 0 0.000000 100.000000
255 0 0.000000 100.000000
256 0 0.000000 100.000000
257 0 0.000000 100.000000
258 0 0.000000 100.000000
259 0 0.000000 100.000000
260 0 0.000000 100.000000
261 0 0.000000 100.000000
262 0 0.000000 100.000000
263 0 0.000000 100.000000
264 0 0.000000 100.000000
265 0 0.000000 100.000000
266 0 0.000000 100.000000
267 0 0.000000 100.000000
268 0 0.000000 100.000000
269 0 0.000000 100.000000
270 0 0.000000 100.000000
271 0 0.000000 100.000000
272 0 0.000000 100.000000
273 472 0.872622 0.000000
274 449 0.795981 0.000000
275 9 0.542863 30.000000
276 0 0.000000 100.000000
277 25 0.656564 0.200000
278 362 0.810287 0.000000
279 50 0.727803 0.000000
280 25 0.835732 0.000000
281 22 0.782292 0.000000
282 15 0.770870 0.000000
283 3 0.424348 68.000000
284 0 0.000000 100.000000
285 0 0.000000 100.000000
286 357 0.781893 0.000000
287 8 0.435307 68.000000
288 0 0.000000 100.000000
289 0 0.000000 100.000000
290 2 0.488715 52.200000
291 1 0.755633 25.800000
292 0 0.000000 100.000000
293 14 0.577254 16.000000
294 578 0.000000 100.000000
295 2 0.654514 21.000000
296 1 0.421144 55.400000
297 2 0.705729 17.600000
298 0 0.000000 100.000000
299 428 0.686869 0.000000
300 259 0.707242 0.000000
301 547 0.746123 0.000000
302 95 0.762624 0.000000
303 0 0.000000 100.000000
304 140 0.733040 0.000000
305 3 0.507826 48.200000
306 565 0.634854 4.600000
307 0 0.000000 100.000000
308 0 0.000000 100.000000
309 0 0.000000 100.000000
310 0 0.000000 100.000000
311 0 0.000000 100.000000
312 0 0.000000 100.000000
313 0 0.000000 100.000000
314 0 0.000000 100.000000
315 0 0.000000 100.000000
316 0 0.000000 100.000000
317 0 0.000000 100.000000
318 0 0.000000 100.000000
0 0 0.000000 0.000000
