0 365 0.753373 0.000000
1 409 0.713459 0.000000
2 239 0.824268 0.000000
3 90 0.798770 0.000000
4 124 0.798636 0.000000
5 9 0.596758 17.000000
6 0 0.000000 100.000000
7 15 0.618472 6.000000
8 11 0.701138 1.400000
9 0 0.000000 100.000000
10 0 0.000000 100.000000
11 159 0.820282 0.000000
12 46 0.677427 0.000000
13 115 0.803813 0.000000
14 50 0.802841 0.000000
15 62 0.738591 0.000000
16 16 0.433163 80.800000
17 174 0.817884 0.000000
18 8 0.469956 59.800000
19 6 0.529720 37.600000
20 5 0.756370 2.000000
21 0 0.000000 100.000000
22 189 0.781205 0.000000
23 21 0.639993 1.600000
24 25 0.646076 0.400000
25 126 0.801886 0.000000
26 4 0.511324 49.000000
27 20 0.662993 0.600000
28 1 0.913345 9.400000
29 5 0.471902 61.400000
30 0 0.000000 100.000000
31 5 0.632810 15.200000
32 16 0.790592 0.000000
33 0 0.000000 100.000000
34 7 0.495622 50.200000
35 1 0.362218 61.400000
36 11 0.675325 2.000000
37 6 0.544580 36.200000
38 0 0.000000 100.000000
39 25 0.762025 0.000000
40 36 0.719865 0.000000
41 0 0.000000 100.000000
42 0 0.000000 100.000000
43 1 0.119584 88.200000
44 0 0.000000 100.000000
45 0 0.000000 100.000000
46 0 0.000000 100.000000
47 0 0.000000 100.000000
48 87 0.814453 0.000000
49 0 0.000000 100.000000
50 0 0.000000 100.000000
51 4 0.389373 78.600000
52 0 0.000000 100.000000
53 1 0.667244 30.000000
54 3 0.540290 38.200000
55 35 0.762536 0.000000
56 4 0.805749 1.200000
57 1 0.414211 63.400000
58 2 0.451389 61.600000
59 1 0.000000 100.000000
60 0 0.000000 100.000000
61 1 0.679376 31.800000
62 45 0.752929 0.000000
63 1 0.216638 77.600000
64 13 0.530020 41.400000
65 14 0.576114 19.400000
66 0 0.000000 100.000000
67 3 0.486957 52.600000
68 0 0.000000 100.000000
69 0 0.000000 100.000000
70 0 0.000000 100.000000
71 10 0.497887 50.600000
72 0 0.000000 100.000000
73 14 0.514944 37.200000
74 0 0.000000 100.000000
75 3 0.668986 14.000000
76 0 0.000000 100.000000
77 1 0.204506 77.800000
78 0 0.000000 100.000000
79 0 0.000000 100.000000
80 0 0.000000 100.000000
81 0 0.000000 100.000000
82 0 0.000000 100.000000
83 96 0.749200 0.000000
84 65 0.691438 0.000000
85 96 0.882197 0.000000
86 0 0.000000 100.000000
87 366 0.773791 0.000000
88 0 0.000000 100.000000
89 0 0.000000 100.000000
90 0 0.000000 100.000000
91 0 0.000000 100.000000
92 0 0.000000 100.000000
93 0 0.000000 100.000000
94 0 0.000000 100.000000
95 0 0.000000 100.000000
96 0 0.000000 100.000000
97 75 0.815348 0.000000
98 2 0.526910 44.000000
99 22 0.522441 38.000000
100 53 0.853405 0.000000
101 65 0.792113 0.000000
102 5 0.640838 15.400000
103 0 0.000000 100.000000
104 0 0.000000 100.000000
105 0 0.000000 100.000000
106 0 0.000000 100.000000
107 0 0.000000 100.000000
108 4 0.497822 49.200000
109 1 0.585789 43.000000
110 0 0.000000 100.000000
111 115 0.779698 0.000000
112 47 0.822895 0.000000
113 0 0.000000 100.000000
114 8 0.748246 0.400000
115 1 0.866551 13.000000
116 0 0.000000 100.000000
117 0 0.000000 100.000000
118 4 0.414634 71.400000
119 0 0.000000 100.000000
120 28 0.726234 0.000000
121 0 0.000000 100.000000
122 1 0.471404 51.800000
123 1 0.429809 55.600000
124 4 0.507404 51.800000
125 1 0.974003 2.600000
126 6 0.696096 3.600000
127 4 0.710366 8.200000
128 2 0.231771 91.200000
129 0 0.000000 100.000000
130 0 0.000000 100.000000
131 0 0.000000 100.000000
132 12 0.492197 53.600000
133 3 0.277101 92.800000
134 91 0.629217 0.000000
135 33 0.758855 0.000000
136 233 0.766524 0.000000
137 26 0.590440 6.000000
138 1 0.948007 4.800000
139 2 0.428819 63.200000
140 0 0.000000 100.000000
141 0 0.000000 100.000000
142 76 0.781217 0.000000
143 0 0.000000 100.000000
144 0 0.000000 100.000000
145 0 0.000000 100.000000
146 10 0.569190 22.000000
147 0 0.000000 100.000000
148 17 0.676733 1.200000
149 5 0.407330 75.800000
150 7 0.655241 7.400000
151 0 0.000000 100.000000
152 4 0.582317 30.000000
153 0 0.000000 100.000000
154 0 0.000000 100.000000
155 0 0.000000 100.000000
156 0 0.000000 100.000000
157 0 0.000000 100.000000
158 0 0.000000 100.000000
159 0 0.000000 100.000000
160 0 0.000000 100.000000
161 0 0.000000 100.000000
162 0 0.000000 100.000000
163 0 0.000000 100.000000
164 1 0.169844 82.800000
165 0 0.000000 100.000000
166 0 0.000000 100.000000
167 0 0.000000 100.000000
168 84 0.698935 0.000000
169 8 0.423465 75.200000
170 52 0.756508 0.000000
171 29 0.723635 0.000000
172 6 0.743590 2.000000
173 3 0.508986 50.600000
174 0 0.000000 100.000000
175 21 0.682654 0.600000
176 94 0.864340 0.000000
177 0 0.000000 100.000000
178 89 0.811218 0.000000
179 81 0.763147 0.000000
180 141 0.715306 0.000000
181 65 0.860999 0.000000
182 20 0.558602 15.600000
183 278 0.780683 0.000000
184 0 0.000000 100.000000
185 0 0.000000 100.000000
186 0 0.000000 100.000000
187 9 0.571568 24.200000
188 0 0.000000 100.000000
189 0 0.000000 100.000000
190 0 0.000000 100.000000
191 0 0.000000 100.000000
192 0 0.000000 100.000000
193 0 0.000000 100.000000
194 0 0.000000 100.000000
195 1 0.415945 57.600000
196 2 0.232639 90.600000
197 0 0.000000 100.000000
198 0 0.000000 100.000000
199 2 0.551215 41.200000
200 1 0.753899 27.600000
201 0 0.000000 100.000000
202 0 0.000000 100.000000
203 1 0.067591 91.800000
204 0 0.000000 100.000000
205 0 0.000000 100.000000
206 1 0.164645 83.800000
207 0 0.000000 100.000000
208 2 0.382812 69.000000
209 1 0.753899 24.000000
210 17 0.687428 0.000000
211 0 0.000000 100.000000
212 0 0.000000 100.000000
213 23 0.711947 0.000000
214 0 0.000000 100.000000
215 0 0.000000 100.000000
216 0 0.000000 100.000000
217 0 0.000000 100.000000
218 0 0.000000 100.000000
219 0 0.000000 100.000000
220 0 0.000000 100.000000
221 0 0.000000 100.000000
222 0 0.000000 100.000000
223 0 0.000000 100.000000
224 0 0.000000 100.000000
225 0 0.000000 100.000000
226 0 0.000000 100.000000
227 0 0.000000 100.000000
228 0 0.000000 100.000000
229 0 0.000000 100.000000
230 0 0.000000 100.000000
231 0 0.000000 100.000000
232 0 0.000000 100.000000
233 0 0.000000 100.000000
234 0 0.000000 100.000000
235 0 0.000000 100.000000
236 0 0.000000 100.000000
237 0 0.000000 100.000000
238 1 0.199307 79.200000
239 0 0.000000 100.000000
240 0 0.000000 100.000000
241 0 0.000000 100.000000
242 0 0.000000 100.000000
243 0 0.000000 100.000000
244 1 0.847487 12.000000
245 4 0.587979 27.400000
246 0 0.000000 100.000000
247 0 0.000000 100.000000
248 0 0.000000 100.000000
249 0 0.000000 100.000000
250 0 0.000000 100.000000
251 0 0.000000 100.000000
252 0 0.000000 100.000000
253 0 0.000000 100.000000
254 0 0.000000 100.000000
255 0 0.000000 100.000000
256 0 0.000000 100.000000
257 0 0.000000 100.000000
258 0 0.000000 100.000000
259 0 0.000000 100.000000
260 0 0.000000 100.000000
261 0 0.000000 100.000000
262 0 0.000000 100.000000
263 0 0.000000 100.000000
264 0 0.000000 100.000000
265 0 0.000000 100.000000
266 0 0.000000 100.000000
267 0 0.000000 100.000000
268 0 0.000000 100.000000
269 0 0.000000 100.000000
270 0 0.000000 100.000000
271 0 0.000000 100.000000
272 0 0.000000 100.000000
273 487 0.852269 0.000000
274 453 0.800141 0.000000
275 14 0.489868 51.600000
276 0 0.000000 100.000000
277 28 0.758636 0.000000
278 353 0.778584 0.000000
279 52 0.806084 0.000000
280 30 0.809550 0.000000
281 26 0.743520 0.000000
282 17 0.834434 0.000000
283 4 0.239983 96.600000
284 0 0.000000 100.000000
285 0 0.000000 100.000000
286 345 0.718753 0.000000
287 6 0.538462 37.200000
288 0 0.000000 100.000000
289 0 0.000000 100.000000
290 0 0.000000 100.000000
291 0 0.000000 100.000000
292 0 0.000000 100.000000
293 7 0.808606 0.000000
294 578 0.000000 100.000000
295 9 0.485647 55.200000
296 7 0.615962 15.600000
297 8 0.519079 44.400000
298 0 0.000000 100.000000
299 408 0.759833 0.000000
300 247 0.704784 0.000000
301 550 0.825260 0.000000
302 93 0.793526 0.000000
303 0 0.000000 100.000000
304 124 0.771156 0.000000
305 3 0.373333 77.000000
306 574 0.648084 18.800000
307 0 0.000000 100.000000
308 0 0.000000 100.000000
309 0 0.000000 100.000000
310 0 0.000000 100.000000
311 0 0.000000 100.000000
312 0 0.000000 100.000000
313 0 0.000000 100.000000
314 0 0.000000 100.000000
315 0 0.000000 100.000000
316 0 0.000000 100.000000
317 0 0.000000 100.000000
318 0 0.000000 100.000000
0 0 0.000000 0.000000
