0 388 0.775556 0.000000
1 414 0.767733 0.000000
2 257 0.801459 0.000000
3 92 0.839193 0.000000
4 132 0.816076 0.000000
5 7 0.395797 84.000000
6 0 0.000000 100.000000
7 8 0.573465 25.600000
8 16 0.664924 1.600000
9 1 0.273830 67.800000
10 0 0.000000 100.000000
11 154 0.803250 0.000000
12 43 0.663204 0.000000
13 118 0.806853 0.000000
14 40 0.821887 0.000000
15 68 0.683968 0.000000
16 15 0.585909 14.200000
17 149 0.797344 0.000000
18 8 0.613158 13.800000
19 3 0.752464 7.000000
20 4 0.523084 45.200000
21 0 0.000000 100.000000
22 172 0.776578 0.000000
23 19 0.720836 0.200000
24 29 0.761196 0.000000
25 104 0.779414 0.000000
26 4 0.423780 65.800000
27 14 0.782801 0.000000
28 7 0.575432 23.600000
29 7 0.713035 2.800000
30 0 0.000000 100.000000
31 3 0.441739 61.400000
32 11 0.702581 1.800000
33 0 0.000000 100.000000
34 6 0.475524 58.000000
35 0 0.000000 100.000000
36 10 0.745775 0.200000
37 3 0.760000 9.400000
38 1 0.896014 11.600000
39 19 0.808304 0.000000
40 18 0.693651 0.000000
41 0 0.000000 100.000000
42 1 0.445407 50.200000
43 1 0.752166 26.800000
44 0 0.000000 100.000000
45 0 0.000000 100.000000
46 0 0.000000 100.000000
47 4 0.502613 51.400000
48 114 0.798170 0.000000
49 0 0.000000 100.000000
50 0 0.000000 100.000000
51 4 0.471690 56.800000
52 0 0.000000 100.000000
53 1 0.320624 70.600000
54 3 0.462029 54.200000
55 34 0.738971 0.000000
56 2 0.346354 75.000000
57 1 0.318891 71.000000
58 0 0.000000 100.000000
59 0 0.000000 100.000000
60 0 0.000000 100.000000
61 1 0.495667 49.200000
62 38 0.707846 0.000000
63 2 0.555556 39.800000
64 11 0.562931 21.400000
65 13 0.562287 18.400000
66 0 0.000000 100.000000
67 4 0.567073 32.200000
68 0 0.000000 100.000000
69 1 0.667244 36.000000
70 0 0.000000 100.000000
71 14 0.365122 95.600000
72 1 0.627383 38.000000
73 17 0.600713 9.800000
74 0 0.000000 100.000000
75 8 0.417105 76.800000
76 0 0.000000 100.000000
77 0 0.000000 100.000000
78 0 0.000000 100.000000
79 0 0.000000 100.000000
80 0 0.000000 100.000000
81 0 0.000000 100.000000
82 0 0.000000 100.000000
83 97 0.752920 0.000000
84 91 0.738791 0.000000
85 105 0.885432 0.000000
86 0 0.000000 100.000000
87 382 0.805281 0.000000
88 0 0.000000 100.000000
89 3 0.560000 35.200000
90 0 0.000000 100.000000
91 0 0.000000 100.000000
92 0 0.000000 100.000000
93 0 0.000000 100.000000
94 0 0.000000 100.000000
95 0 0.000000 100.000000
96 0 0.000000 100.000000
97 73 0.782124 0.000000
98 0 0.000000 100.000000
99 13 0.599047 11.800000
100 62 0.767348 0.000000
101 65 0.833108 0.000000
102 3 0.766377 5.000000
103 0 0.000000 100.000000
104 0 0.000000 100.000000
105 0 0.000000 100.000000
106 0 0.000000 100.000000
107 0 0.000000 100.000000
108 9 0.449912 71.400000
109 0 0.000000 100.000000
110 1 0.679376 32.800000
111 116 0.767913 0.000000
112 50 0.842159 0.000000
113 0 0.000000 100.000000
114 5 0.458639 59.200000
115 0 0.000000 100.000000
116 0 0.000000 100.000000
117 0 0.000000 100.000000
118 6 0.759615 0.800000
119 3 0.492174 50.000000
120 25 0.703002 0.000000
121 0 0.000000 100.000000
122 3 0.668986 16.800000
123 0 0.000000 100.000000
124 1 0.857886 15.400000
125 0 0.000000 100.000000
126 6 0.768065 1.000000
127 7 0.811359 0.000000
128 4 0.708188 6.400000
129 0 0.000000 100.000000
130 0 0.000000 100.000000
131 0 0.000000 100.000000
132 13 0.474336 63.200000
133 2 0.578993 36.400000
134 115 0.738999 0.000000
135 41 0.830676 0.000000
136 242 0.823298 0.000000
137 31 0.710149 0.000000
138 3 0.590725 29.800000
139 3 0.532754 40.200000
140 0 0.000000 100.000000
141 0 0.000000 100.000000
142 79 0.697648 0.000000
143 0 0.000000 100.000000
144 0 0.000000 100.000000
145 0 0.000000 100.000000
146 19 0.750118 0.200000
147 0 0.000000 100.000000
148 14 0.623480 4.600000
149 6 0.715035 2.600000
150 6 0.513112 46.400000
151 0 0.000000 100.000000
152 3 0.542029 42.000000
153 0 0.000000 100.000000
154 0 0.000000 100.000000
155 0 0.000000 100.000000
156 0 0.000000 100.000000
157 0 0.000000 100.000000
158 0 0.000000 100.000000
159 0 0.000000 100.000000
160 0 0.000000 100.000000
161 0 0.000000 100.000000
162 0 0.000000 100.000000
163 0 0.000000 100.000000
164 0 0.000000 100.000000
165 0 0.000000 100.000000
166 0 0.000000 100.000000
167 0 0.000000 100.000000
168 98 0.731824 0.000000
169 7 0.283713 97.400000
170 51 0.827436 0.000000
171 21 0.802342 0.000000
172 4 0.196864 98.400000
173 1 0.013865 98.600000
174 1 0.821490 17.800000
175 20 0.830018 0.000000
176 87 0.852167 0.000000
177 0 0.000000 100.000000
178 80 0.781953 0.000000
179 80 0.732806 0.000000
180 124 0.758047 0.000000
181 63 0.864787 0.000000
182 20 0.739785 0.000000
183 255 0.801008 0.000000
184 0 0.000000 100.000000
185 0 0.000000 100.000000
186 0 0.000000 100.000000
187 12 0.352326 95.800000
188 0 0.000000 100.000000
189 0 0.000000 100.000000
190 0 0.000000 100.000000
191 0 0.000000 100.000000
192 0 0.000000 100.000000
193 0 0.000000 100.000000
194 0 0.000000 100.000000
195 4 0.390244 77.800000
196 0 0.000000 100.000000
197 3 0.718841 9.400000
198 0 0.000000 100.000000
199 0 0.000000 100.000000
200 3 0.424348 67.800000
201 0 0.000000 100.000000
202 0 0.000000 100.000000
203 1 0.057192 96.000000
204 0 0.000000 100.000000
205 0 0.000000 100.000000
206 0 0.000000 100.000000
207 0 0.000000 100.000000
208 5 0.495986 52.600000
209 1 0.752166 25.600000
210 19 0.685246 0.200000
211 0 0.000000 100.000000
212 0 0.000000 100.000000
213 27 0.696041 0.200000
214 0 0.000000 100.000000
215 0 0.000000 100.000000
216 0 0.000000 100.000000
217 0 0.000000 100.000000
218 0 0.000000 100.000000
219 0 0.000000 100.000000
220 0 0.000000 100.000000
221 0 0.000000 100.000000
222 0 0.000000 100.000000
223 1 0.925477 7.800000
224 0 0.000000 100.000000
225 1 0.556326 45.400000
226 0 0.000000 100.000000
227 0 0.000000 100.000000
228 0 0.000000 100.000000
229 0 0.000000 100.000000
230 0 0.000000 100.000000
231 0 0.000000 100.000000
232 0 0.000000 100.000000
233 0 0.000000 100.000000
234 0 0.000000 100.000000
235 0 0.000000 100.000000
236 1 0.476603 51.000000
237 4 0.511324 45.800000
238 2 0.581597 34.200000
239 0 0.000000 100.000000
240 0 0.000000 100.000000
241 0 0.000000 100.000000
242 0 0.000000 100.000000
243 0 0.000000 100.000000
244 1 0.908146 9.400000
245 8 0.801096 0.000000
246 0 0.000000 100.000000
247 0 0.000000 100.000000
248 0 0.000000 100.000000
249 0 0.000000 100.000000
250 0 0.000000 100.000000
251 0 0.000000 100.000000
252 0 0.000000 100.000000
253 0 0.000000 100.000000
254 0 0.000000 100.000000
255 0 0.000000 100.000000
256 0 0.000000 100.000000
257 0 0.000000 100.000000
258 0 0.000000 100.000000
259 0 0.000000 100.000000
260 0 0.000000 100.000000
261 1 0.350087 64.000000
262 0 0.000000 100.000000
263 0 0.000000 100.000000
264 0 0.000000 100.000000
265 0 0.000000 100.000000
266 0 0.000000 100.000000
267 0 0.000000 100.000000
268 0 0.000000 100.000000
269 0 0.000000 100.000000
270 0 0.000000 100.000000
271 0 0.000000 100.000000
272 0 0.000000 100.000000
273 456 0.878559 0.000000
274 454 0.762683 0.000000
275 15 0.546359 24.400000
276 0 0.000000 100.000000
277 28 0.630649 1.400000
278 352 0.785335 0.000000
279 45 0.809339 0.000000
280 21 0.652817 0.800000
281 14 0.843338 0.000000
282 9 0.854130 0.000000
283 4 0.784843 3.200000
284 0 0.000000 100.000000
285 0 0.000000 100.000000
286 352 0.767900 0.000000
287 10 0.608627 9.600000
288 0 0.000000 100.000000
289 0 0.000000 100.000000
290 1 0.963605 4.600000
291 0 0.000000 100.000000
292 0 0.000000 100.000000
293 9 0.564148 25.600000
294 578 0.000000 100.000000
295 7 0.633225 12.600000
296 6 0.459790 64.200000
297 7 0.587691 20.000000
298 0 0.000000 100.000000
299 428 0.762695 0.000000
300 251 0.701378 0.000000
301 548 0.731509 0.000000
302 100 0.783033 0.000000
303 0 0.000000 100.000000
304 155 0.727431 0.000000
305 2 0.314236 77.600000
306 570 0.755263 1.000000
307 0 0.000000 100.000000
308 0 0.000000 100.000000
309 0 0.000000 100.000000
310 0 0.000000 100.000000
311 0 0.000000 100.000000
312 0 0.000000 100.000000
313 0 0.000000 100.000000
314 0 0.000000 100.000000
315 0 0.000000 100.000000
316 0 0.000000 100.000000
317 0 0.000000 100.000000
318 0 0.000000 100.000000
0 0 0.000000 0.000000
