0 368 0.731276 0.000000
1 399 0.782837 0.000000
2 236 0.791815 0.000000
3 87 0.794578 0.000000
4 127 0.825654 0.000000
5 7 0.653490 7.600000
6 0 0.000000 100.000000
7 12 0.601737 11.000000
8 11 0.627866 8.000000
9 0 0.000000 100.000000
10 0 0.000000 100.000000
11 171 0.800839 0.000000
12 57 0.689262 0.000000
13 122 0.773152 0.000000
14 46 0.832380 0.000000
15 58 0.746088 0.000000
16 15 0.362226 95.000000
17 141 0.781408 0.000000
18 5 0.488656 55.400000
19 5 0.558813 29.800000
20 7 0.919189 0.000000
21 0 0.000000 100.000000
22 177 0.793623 0.000000
23 27 0.722995 0.000000
24 28 0.742338 0.000000
25 103 0.811058 0.000000
26 1 0.225303 78.800000
27 17 0.769319 0.000000
28 1 0.474870 52.200000
29 7 0.531399 33.400000
30 0 0.000000 100.000000
31 6 0.385781 83.600000
32 12 0.465253 65.600000
33 0 0.000000 100.000000
34 3 0.526957 41.600000
35 0 0.000000 100.000000
36 12 0.384423 91.600000
37 5 0.430716 70.000000
38 2 0.827257 5.200000
39 36 0.650318 0.000000
40 38 0.702778 0.000000
41 0 0.000000 100.000000
42 0 0.000000 100.000000
43 0 0.000000 100.000000
44 0 0.000000 100.000000
45 0 0.000000 100.000000
46 0 0.000000 100.000000
47 1 0.071057 92.600000
48 93 0.798714 0.000000
49 0 0.000000 100.000000
50 0 0.000000 100.000000
51 4 0.530052 39.600000
52 0 0.000000 100.000000
53 0 0.000000 100.000000
54 4 0.530923 43.400000
55 41 0.753054 0.000000
56 7 0.326995 95.000000
57 0 0.000000 100.000000
58 0 0.000000 100.000000
59 0 0.000000 100.000000
60 0 0.000000 100.000000
61 1 0.890815 13.400000
62 51 0.742308 0.000000
63 0 0.000000 100.000000
64 13 0.316542 99.200000
65 13 0.384479 91.200000
66 0 0.000000 100.000000
67 1 0.441941 54.200000
68 0 0.000000 100.000000
69 0 0.000000 100.000000
70 0 0.000000 100.000000
71 9 0.643429 4.600000
72 1 0.254766 77.000000
73 14 0.371834 95.200000
74 0 0.000000 100.000000
75 5 0.608377 19.800000
76 0 0.000000 100.000000
77 2 0.911458 1.600000
78 0 0.000000 100.000000
79 0 0.000000 100.000000
80 0 0.000000 100.000000
81 0 0.000000 100.000000
82 0 0.000000 100.000000
83 104 0.724014 0.000000
84 74 0.702461 0.000000
85 103 0.876505 0.000000
86 0 0.000000 100.000000
87 364 0.791543 0.000000
88 0 0.000000 100.000000
89 2 0.366319 71.000000
90 1 0.497400 53.600000
91 0 0.000000 100.000000
92 0 0.000000 100.000000
93 0 0.000000 100.000000
94 0 0.000000 100.000000
95 0 0.000000 100.000000
96 0 0.000000 100.000000
97 80 0.820683 0.000000
98 1 0.584055 41.200000
99 13 0.386113 93.000000
100 67 0.867950 0.000000
101 73 0.845192 0.000000
102 4 0.497822 48.600000
103 0 0.000000 100.000000
104 0 0.000000 100.000000
105 0 0.000000 100.000000
106 0 0.000000 100.000000
107 0 0.000000 100.000000
108 9 0.551845 31.200000
109 5 0.241187 97.000000
110 0 0.000000 100.000000
111 125 0.745713 0.000000
112 55 0.848079 0.000000
113 0 0.000000 100.000000
114 4 0.541376 38.800000
115 0 0.000000 100.000000
116 1 0.831889 15.400000
117 0 0.000000 100.000000
118 4 0.581882 27.600000
119 1 0.466205 53.400000
120 24 0.805205 0.000000
121 0 0.000000 100.000000
122 2 0.509549 47.600000
123 0 0.000000 100.000000
124 5 0.566841 29.200000
125 0 0.000000 100.000000
126 6 0.374417 84.400000
127 7 0.503378 47.000000
128 6 0.596154 20.000000
129 0 0.000000 100.000000
130 0 0.000000 100.000000
131 1 0.039861 96.200000
132 5 0.679930 9.400000
133 2 0.856771 4.200000
134 98 0.734418 0.000000
135 43 0.876722 0.000000
136 234 0.795866 0.000000
137 21 0.575190 12.000000
138 2 0.212674 92.400000
139 0 0.000000 100.000000
140 0 0.000000 100.000000
141 0 0.000000 100.000000
142 72 0.761473 0.000000
143 0 0.000000 100.000000
144 0 0.000000 100.000000
145 0 0.000000 100.000000
146 11 0.476351 58.800000
147 0 0.000000 100.000000
148 23 0.713827 0.000000
149 8 0.600439 18.600000
150 11 0.630752 6.600000
151 0 0.000000 100.000000
152 4 0.440331 67.200000
153 0 0.000000 100.000000
154 0 0.000000 100.000000
155 0 0.000000 100.000000
156 0 0.000000 100.000000
157 0 0.000000 100.000000
158 0 0.000000 100.000000
159 0 0.000000 100.000000
160 0 0.000000 100.000000
161 0 0.000000 100.000000
162 0 0.000000 100.000000
163 0 0.000000 100.000000
164 0 0.000000 100.000000
165 0 0.000000 100.000000
166 0 0.000000 100.000000
167 0 0.000000 100.000000
168 111 0.797905 0.000000
169 13 0.523077 37.400000
170 47 0.740995 0.000000
171 17 0.772780 0.000000
172 4 0.570993 33.000000
173 3 0.463768 61.000000
174 2 0.916667 0.600000
175 17 0.786725 0.000000
176 91 0.867365 0.000000
177 0 0.000000 100.000000
178 70 0.745922 0.000000
179 71 0.783426 0.000000
180 133 0.728343 0.000000
181 82 0.868288 0.000000
182 18 0.614087 6.200000
183 257 0.740318 0.000000
184 0 0.000000 100.000000
185 0 0.000000 100.000000
186 0 0.000000 100.000000
187 12 0.499853 48.200000
188 0 0.000000 100.000000
189 0 0.000000 100.000000
190 0 0.000000 100.000000
191 0 0.000000 100.000000
192 0 0.000000 100.000000
193 0 0.000000 100.000000
194 0 0.000000 100.000000
195 0 0.000000 100.000000
196 0 0.000000 100.000000
197 1 0.291161 73.000000
198 0 0.000000 100.000000
199 2 0.369792 72.000000
200 4 0.235627 97.400000
201 0 0.000000 100.000000
202 0 0.000000 100.000000
203 0 0.000000 100.000000
204 0 0.000000 100.000000
205 0 0.000000 100.000000
206 1 0.072790 93.000000
207 0 0.000000 100.000000
208 5 0.355323 86.600000
209 1 0.693241 29.600000
210 19 0.657283 1.000000
211 1 0.584055 42.200000
212 0 0.000000 100.000000
213 26 0.715928 0.000000
214 0 0.000000 100.000000
215 0 0.000000 100.000000
216 0 0.000000 100.000000
217 0 0.000000 100.000000
218 0 0.000000 100.000000
219 0 0.000000 100.000000
220 0 0.000000 100.000000
221 0 0.000000 100.000000
222 0 0.000000 100.000000
223 2 0.446181 59.000000
224 0 0.000000 100.000000
225 1 0.974003 2.400000
226 0 0.000000 100.000000
227 0 0.000000 100.000000
228 0 0.000000 100.000000
229 0 0.000000 100.000000
230 0 0.000000 100.000000
231 0 0.000000 100.000000
232 0 0.000000 100.000000
233 0 0.000000 100.000000
234 0 0.000000 100.000000
235 0 0.000000 100.000000
236 1 0.284229 71.400000
237 2 0.876736 3.200000
238 0 0.000000 100.000000
239 0 0.000000 100.000000
240 0 0.000000 100.000000
241 0 0.000000 100.000000
242 0 0.000000 100.000000
243 0 0.000000 100.000000
244 1 0.953206 4.000000
245 5 0.902618 0.000000
246 0 0.000000 100.000000
247 0 0.000000 100.000000
248 0 0.000000 100.000000
249 0 0.000000 100.000000
250 0 0.000000 100.000000
251 0 0.000000 100.000000
252 0 0.000000 100.000000
253 0 0.000000 100.000000
254 0 0.000000 100.000000
255 0 0.000000 100.000000
256 0 0.000000 100.000000
257 0 0.000000 100.000000
258 0 0.000000 100.000000
259 0 0.000000 100.000000
260 0 0.000000 100.000000
261 0 0.000000 100.000000
262 0 0.000000 100.000000
263 0 0.000000 100.000000
264 1 0.464471 50.400000
265 0 0.000000 100.000000
266 0 0.000000 100.000000
267 0 0.000000 100.000000
268 0 0.000000 100.000000
269 0 0.000000 100.000000
270 0 0.000000 100.000000
271 0 0.000000 100.000000
272 0 0.000000 100.000000
273 473 0.857868 0.000000
274 446 0.763946 0.000000
275 11 0.521725 40.400000
276 0 0.000000 100.000000
277 32 0.604968 2.000000
278 355 0.778160 0.000000
279 58 0.841280 0.000000
280 27 0.730591 0.000000
281 28 0.845065 0.000000
282 13 0.792648 0.000000
283 10 0.384507 88.000000
284 0 0.000000 100.000000
285 0 0.000000 100.000000
286 354 0.742862 0.000000
287 4 0.712979 9.000000
288 0 0.000000 100.000000
289 0 0.000000 100.000000
290 1 0.880416 13.200000
291 0 0.000000 100.000000
292 0 0.000000 100.000000
293 7 0.672755 5.800000
294 577 0.700173 30.000000
295 6 0.499126 52.600000
296 5 0.409075 78.800000
297 5 0.561955 35.200000
298 0 0.000000 100.000000
299 425 0.779516 0.000000
300 257 0.721638 0.000000
301 548 0.806204 0.000000
302 93 0.740938 0.000000
303 0 0.000000 100.000000
304 126 0.733196 0.000000
305 1 0.324090 69.800000
306 567 0.567260 22.600000
307 0 0.000000 100.000000
308 0 0.000000 100.000000
309 0 0.000000 100.000000
310 0 0.000000 100.000000
311 0 0.000000 100.000000
312 0 0.000000 100.000000
313 0 0.000000 100.000000
314 0 0.000000 100.000000
315 0 0.000000 100.000000
316 0 0.000000 100.000000
317 0 0.000000 100.000000
318 0 0.000000 100.000000
0 0 0.000000 0.000000
