0 374 0.745884 0.000000
1 402 0.763314 0.000000
2 213 0.788192 0.000000
3 66 0.799006 0.000000
4 121 0.772537 0.000000
5 13 0.525936 37.400000
6 0 0.000000 100.000000
7 13 0.578897 14.800000
8 17 0.624934 2.800000
9 0 0.000000 100.000000
10 0 0.000000 100.000000
11 136 0.785467 0.000000
12 33 0.648985 0.400000
13 108 0.803073 0.000000
14 31 0.684673 0.000000
15 57 0.736000 0.000000
16 12 0.739547 0.200000
17 160 0.766627 0.000000
18 5 0.647469 12.200000
19 4 0.468206 57.200000
20 5 0.788133 1.000000
21 0 0.000000 100.000000
22 176 0.761675 0.000000
23 22 0.562377 17.800000
24 39 0.769564 0.000000
25 102 0.808844 0.000000
26 2 0.716146 14.200000
27 22 0.843770 0.000000
28 0 0.000000 100.000000
29 8 0.408333 80.400000
30 0 0.000000 100.000000
31 5 0.656545 10.800000
32 20 0.797760 0.000000
33 0 0.000000 100.000000
34 4 0.599303 25.400000
35 1 0.949740 4.600000
36 5 0.502269 48.000000
37 4 0.511760 44.000000
38 3 0.340870 83.000000
39 23 0.742891 0.000000
40 21 0.766350 0.000000
41 0 0.000000 100.000000
42 1 0.339688 69.800000
43 1 0.164645 84.400000
44 0 0.000000 100.000000
45 0 0.000000 100.000000
46 0 0.000000 100.000000
47 1 0.065858 93.800000
48 92 0.763621 0.000000
49 0 0.000000 100.000000
50 0 0.000000 100.000000
51 5 0.445026 66.000000
52 0 0.000000 100.000000
53 2 0.574653 33.400000
54 9 0.410271 80.200000
55 27 0.832224 0.000000
56 5 0.447818 63.000000
57 1 0.795494 18.600000
58 1 0.930676 5.800000
59 0 0.000000 100.000000
60 0 0.000000 100.000000
61 1 0.767764 28.200000
62 40 0.772537 0.000000
63 2 0.198785 93.000000
64 17 0.787564 0.000000
65 19 0.684587 0.200000
66 0 0.000000 100.000000
67 1 0.036395 95.000000
68 0 0.000000 100.000000
69 2 0.183160 91.600000
70 0 0.000000 100.000000
71 8 0.470175 64.000000
72 0 0.000000 100.000000
73 16 0.440058 79.400000
74 0 0.000000 100.000000
75 8 0.725000 1.200000
76 0 0.000000 100.000000
77 0 0.000000 100.000000
78 0 0.000000 100.000000
79 0 0.000000 100.000000
80 0 0.000000 100.000000
81 0 0.000000 100.000000
82 0 0.000000 100.000000
83 114 0.714780 0.000000
84 71 0.677251 0.000000
85 107 0.866599 0.000000
86 0 0.000000 100.000000
87 385 0.783985 0.000000
88 0 0.000000 100.000000
89 2 0.710938 19.400000
90 0 0.000000 100.000000
91 0 0.000000 100.000000
92 0 0.000000 100.000000
93 0 0.000000 100.000000
94 0 0.000000 100.000000
95 0 0.000000 100.000000
96 0 0.000000 100.000000
97 83 0.747718 0.000000
98 0 0.000000 100.000000
99 24 0.457055 78.000000
100 61 0.805054 0.000000
101 67 0.885037 0.000000
102 3 0.299710 90.600000
103 0 0.000000 100.000000
104 0 0.000000 100.000000
105 0 0.000000 100.000000
106 0 0.000000 100.000000
107 0 0.000000 100.000000
108 4 0.587979 26.200000
109 6 0.442890 73.400000
110 0 0.000000 100.000000
111 125 0.744300 0.000000
112 67 0.785116 0.000000
113 0 0.000000 100.000000
114 3 0.713623 12.400000
115 0 0.000000 100.000000
116 0 0.000000 100.000000
117 0 0.000000 100.000000
118 1 0.362218 63.400000
119 1 0.372617 60.200000
120 21 0.855946 0.000000
121 0 0.000000 100.000000
122 2 0.852431 4.000000
123 0 0.000000 100.000000
124 2 0.385417 72.000000
125 0 0.000000 100.000000
126 5 0.211169 100.000000
127 6 0.468240 59.800000
128 2 0.800347 9.200000
129 0 0.000000 100.000000
130 0 0.000000 100.000000
131 0 0.000000 100.000000
132 10 0.805458 0.000000
133 2 0.645833 24.400000
134 116 0.753359 0.000000
135 33 0.784932 0.000000
136 240 0.785380 0.000000
137 35 0.751276 0.000000
138 1 0.022530 98.200000
139 5 0.356370 87.000000
140 0 0.000000 100.000000
141 0 0.000000 100.000000
142 81 0.769953 0.000000
143 0 0.000000 100.000000
144 0 0.000000 100.000000
145 0 0.000000 100.000000
146 16 0.441504 81.400000
147 0 0.000000 100.000000
148 16 0.787811 0.000000
149 12 0.525913 42.600000
150 8 0.390351 85.800000
151 0 0.000000 100.000000
152 3 0.677681 16.000000
153 0 0.000000 100.000000
154 0 0.000000 100.000000
155 0 0.000000 100.000000
156 0 0.000000 100.000000
157 0 0.000000 100.000000
158 0 0.000000 100.000000
159 0 0.000000 100.000000
160 0 0.000000 100.000000
161 0 0.000000 100.000000
162 0 0.000000 100.000000
163 0 0.000000 100.000000
164 1 0.114385 88.400000
165 0 0.000000 100.000000
166 0 0.000000 100.000000
167 0 0.000000 100.000000
168 92 0.773886 0.000000
169 9 0.575278 24.600000
170 55 0.720042 0.000000
171 29 0.837071 0.000000
172 5 0.603141 20.400000
173 3 0.607536 27.600000
174 1 0.986135 1.600000
175 19 0.772997 0.000000
176 96 0.876102 0.000000
177 0 0.000000 100.000000
178 82 0.797625 0.000000
179 72 0.771767 0.000000
180 109 0.788482 0.000000
181 76 0.834583 0.000000
182 29 0.739087 0.000000
183 253 0.823606 0.000000
184 0 0.000000 100.000000
185 0 0.000000 100.000000
186 1 0.904679 9.400000
187 9 0.483890 54.800000
188 0 0.000000 100.000000
189 0 0.000000 100.000000
190 0 0.000000 100.000000
191 0 0.000000 100.000000
192 0 0.000000 100.000000
193 0 0.000000 100.000000
194 0 0.000000 100.000000
195 3 0.522319 45.400000
196 0 0.000000 100.000000
197 3 0.304348 88.400000
198 0 0.000000 100.000000
199 5 0.436998 65.800000
200 3 0.397101 72.800000
201 0 0.000000 100.000000
202 0 0.000000 100.000000
203 0 0.000000 100.000000
204 0 0.000000 100.000000
205 0 0.000000 100.000000
206 0 0.000000 100.000000
207 0 0.000000 100.000000
208 3 0.601159 31.200000
209 2 0.584201 32.600000
210 20 0.747581 0.000000
211 0 0.000000 100.000000
212 0 0.000000 100.000000
213 28 0.710195 0.000000
214 0 0.000000 100.000000
215 0 0.000000 100.000000
216 0 0.000000 100.000000
217 0 0.000000 100.000000
218 0 0.000000 100.000000
219 0 0.000000 100.000000
220 0 0.000000 100.000000
221 0 0.000000 100.000000
222 0 0.000000 100.000000
223 3 0.431304 65.600000
224 0 0.000000 100.000000
225 0 0.000000 100.000000
226 0 0.000000 100.000000
227 0 0.000000 100.000000
228 0 0.000000 100.000000
229 0 0.000000 100.000000
230 0 0.000000 100.000000
231 0 0.000000 100.000000
232 0 0.000000 100.000000
233 0 0.000000 100.000000
234 0 0.000000 100.000000
235 0 0.000000 100.000000
236 2 0.956597 0.000000
237 5 0.945550 0.000000
238 1 0.967071 2.200000
239 0 0.000000 100.000000
240 0 0.000000 100.000000
241 0 0.000000 100.000000
242 0 0.000000 100.000000
243 0 0.000000 100.000000
244 1 0.885615 10.600000
245 9 0.454989 65.800000
246 0 0.000000 100.000000
247 0 0.000000 100.000000
248 0 0.000000 100.000000
249 0 0.000000 100.000000
250 0 0.000000 100.000000
251 0 0.000000 100.000000
252 0 0.000000 100.000000
253 0 0.000000 100.000000
254 0 0.000000 100.000000
255 0 0.000000 100.000000
256 0 0.000000 100.000000
257 0 0.000000 100.000000
258 0 0.000000 100.000000
259 0 0.000000 100.000000
260 0 0.000000 100.000000
261 0 0.000000 100.000000
262 0 0.000000 100.000000
263 0 0.000000 100.000000
264 0 0.000000 100.000000
265 0 0.000000 100.000000
266 0 0.000000 100.000000
267 0 0.000000 100.000000
268 0 0.000000 100.000000
269 0 0.000000 100.000000
270 0 0.000000 100.000000
271 0 0.000000 100.000000
272 0 0.000000 100.000000
273 476 0.867729 0.000000
274 437 0.768505 0.000000
275 9 0.684046 2.200000
276 0 0.000000 100.000000
277 26 0.757873 0.000000
278 337 0.792703 0.000000
279 45 0.731707 0.000000
280 23 0.806032 0.000000
281 17 0.792807 0.000000
282 11 0.752285 0.000000
283 7 0.416562 77.200000
284 0 0.000000 100.000000
285 0 0.000000 100.000000
286 357 0.773426 0.000000
287 10 0.470599 61.600000
288 0 0.000000 100.000000
289 0 0.000000 100.000000
290 2 0.817708 9.000000
291 0 0.000000 100.000000
292 0 0.000000 100.000000
293 15 0.663351 0.800000
294 578 0.000000 100.000000
295 5 0.641187 14.400000
296 5 0.544852 41.400000
297 4 0.658537 18.400000
298 0 0.000000 100.000000
299 418 0.763696 0.000000
300 236 0.733460 0.000000
301 550 0.761623 0.000000
302 95 0.756892 0.000000
303 0 0.000000 100.000000
304 122 0.702150 0.000000
305 3 0.503188 49.200000
306 572 0.569639 30.200000
307 0 0.000000 100.000000
308 0 0.000000 100.000000
309 0 0.000000 100.000000
310 0 0.000000 100.000000
311 0 0.000000 100.000000
312 0 0.000000 100.000000
313 0 0.000000 100.000000
314 0 0.000000 100.000000
315 0 0.000000 100.000000
316 0 0.000000 100.000000
317 0 0.000000 100.000000
318 0 0.000000 100.000000
0 0 0.000000 0.000000
