0 379 0.754816 0.000000
1 409 0.783452 0.000000
2 218 0.802956 0.000000
3 87 0.791816 0.000000
4 111 0.778074 0.000000
5 9 0.533490 38.400000
6 0 0.000000 100.000000
7 12 0.521790 39.000000
8 15 0.673298 0.800000
9 1 0.204506 78.600000
10 0 0.000000 100.000000
11 143 0.802347 0.000000
12 39 0.713382 0.000000
13 100 0.779498 0.000000
14 46 0.758295 0.000000
15 54 0.737525 0.000000
16 12 0.617049 10.000000
17 176 0.763978 0.000000
18 8 0.668421 5.000000
19 3 0.590725 31.400000
20 3 0.659710 19.400000
21 0 0.000000 100.000000
22 190 0.784658 0.000000
23 27 0.724071 0.000000
24 33 0.718543 0.000000
25 118 0.804016 0.000000
26 2 0.569444 39.000000
27 17 0.809898 0.000000
28 0 0.000000 100.000000
29 5 0.578010 27.200000
30 0 0.000000 100.000000
31 5 0.746248 2.000000
32 22 0.751145 0.200000
33 0 0.000000 100.000000
34 5 0.758813 1.800000
35 0 0.000000 100.000000
36 4 0.256098 94.800000
37 3 0.463768 58.400000
38 0 0.000000 100.000000
39 24 0.814305 0.000000
40 22 0.700049 0.000000
41 0 0.000000 100.000000
42 1 0.185442 83.200000
43 1 0.559792 43.200000
44 0 0.000000 100.000000
45 0 0.000000 100.000000
46 0 0.000000 100.000000
47 4 0.611498 23.200000
48 85 0.767426 0.000000
49 0 0.000000 100.000000
50 0 0.000000 100.000000
51 9 0.585823 22.600000
52 0 0.000000 100.000000
53 3 0.365797 78.200000
54 4 0.234756 95.800000
55 33 0.756464 0.000000
56 3 0.203478 98.000000
57 1 0.627383 34.800000
58 1 0.247834 75.800000
59 0 0.000000 100.000000
60 0 0.000000 100.000000
61 1 0.003466 99.600000
62 42 0.742982 0.000000
63 1 0.171577 82.200000
64 15 0.519124 39.800000
65 16 0.492883 54.800000
66 0 0.000000 100.000000
67 1 0.980936 2.400000
68 0 0.000000 100.000000
69 1 0.188908 83.800000
70 0 0.000000 100.000000
71 11 0.547860 28.600000
72 0 0.000000 100.000000
73 9 0.413005 81.600000
74 1 0.902946 9.600000
75 3 0.390725 75.000000
76 0 0.000000 100.000000
77 1 0.261698 72.800000
78 0 0.000000 100.000000
79 0 0.000000 100.000000
80 0 0.000000 100.000000
81 0 0.000000 100.000000
82 0 0.000000 100.000000
83 115 0.716011 0.000000
84 77 0.731628 0.000000
85 114 0.861880 0.000000
86 0 0.000000 100.000000
87 389 0.761211 0.000000
88 0 0.000000 100.000000
89 4 0.442073 64.000000
90 0 0.000000 100.000000
91 0 0.000000 100.000000
92 0 0.000000 100.000000
93 0 0.000000 100.000000
94 0 0.000000 100.000000
95 0 0.000000 100.000000
96 0 0.000000 100.000000
97 62 0.752657 0.000000
98 0 0.000000 100.000000
99 14 0.499747 51.800000
100 49 0.739593 0.000000
101 64 0.752006 0.000000
102 1 0.762565 20.800000
103 0 0.000000 100.000000
104 0 0.000000 100.000000
105 0 0.000000 100.000000
106 0 0.000000 100.000000
107 0 0.000000 100.000000
108 6 0.435897 69.200000
109 2 0.066840 99.000000
110 0 0.000000 100.000000
111 130 0.756937 0.000000
112 65 0.789744 0.000000
113 0 0.000000 100.000000
114 11 0.564695 19.600000
115 0 0.000000 100.000000
116 0 0.000000 100.000000
117 0 0.000000 100.000000
118 3 0.602899 32.800000
119 0 0.000000 100.000000
120 22 0.761854 0.000000
121 0 0.000000 100.000000
122 4 0.430749 67.800000
123 0 0.000000 100.000000
124 9 0.736184 0.800000
125 0 0.000000 100.000000
126 5 0.767539 2.600000
127 5 0.520070 45.800000
128 3 0.782029 6.400000
129 0 0.000000 100.000000
130 0 0.000000 100.000000
131 0 0.000000 100.000000
132 7 0.529147 38.600000
133 3 0.137971 98.200000
134 93 0.691941 0.000000
135 39 0.831930 0.000000
136 235 0.797717 0.000000
137 28 0.672208 0.000000
138 0 0.000000 100.000000
139 0 0.000000 100.000000
140 0 0.000000 100.000000
141 0 0.000000 100.000000
142 77 0.663452 0.000000
143 0 0.000000 100.000000
144 0 0.000000 100.000000
145 0 0.000000 100.000000
146 10 0.710915 1.400000
147 0 0.000000 100.000000
148 15 0.734636 0.000000
149 5 0.619197 19.000000
150 9 0.581722 19.400000
151 0 0.000000 100.000000
152 4 0.591028 29.000000
153 0 0.000000 100.000000
154 0 0.000000 100.000000
155 0 0.000000 100.000000
156 0 0.000000 100.000000
157 0 0.000000 100.000000
158 0 0.000000 100.000000
159 0 0.000000 100.000000
160 0 0.000000 100.000000
161 0 0.000000 100.000000
162 0 0.000000 100.000000
163 0 0.000000 100.000000
164 1 0.767764 19.200000
165 0 0.000000 100.000000
166 0 0.000000 100.000000
167 0 0.000000 100.000000
168 98 0.728699 0.000000
169 11 0.373417 93.000000
170 50 0.779318 0.000000
171 23 0.706933 0.000000
172 6 0.564103 32.400000
173 2 0.437500 62.800000
174 0 0.000000 100.000000
175 15 0.671048 1.800000
176 111 0.863958 0.000000
177 0 0.000000 100.000000
178 71 0.752896 0.000000
179 72 0.772563 0.000000
180 117 0.746167 0.000000
181 82 0.919502 0.000000
182 15 0.530728 34.400000
183 255 0.775038 0.000000
184 0 0.000000 100.000000
185 0 0.000000 100.000000
186 0 0.000000 100.000000
187 7 0.604203 18.800000
188 0 0.000000 100.000000
189 0 0.000000 100.000000
190 0 0.000000 100.000000
191 0 0.000000 100.000000
192 0 0.000000 100.000000
193 0 0.000000 100.000000
194 0 0.000000 100.000000
195 0 0.000000 100.000000
196 0 0.000000 100.000000
197 2 0.706597 18.600000
198 0 0.000000 100.000000
199 3 0.548986 43.400000
200 2 0.771701 10.000000
201 0 0.000000 100.000000
202 0 0.000000 100.000000
203 1 0.346620 61.800000
204 0 0.000000 100.000000
205 0 0.000000 100.000000
206 0 0.000000 100.000000
207 0 0.000000 100.000000
208 3 0.624348 24.800000
209 1 0.618718 38.600000
210 17 0.655237 1.000000
211 1 0.620451 38.600000
212 0 0.000000 100.000000
213 27 0.707670 0.200000
214 0 0.000000 100.000000
215 0 0.000000 100.000000
216 0 0.000000 100.000000
217 0 0.000000 100.000000
218 0 0.000000 100.000000
219 0 0.000000 100.000000
220 0 0.000000 100.000000
221 0 0.000000 100.000000
222 0 0.000000 100.000000
223 1 0.457539 50.800000
224 0 0.000000 100.000000
225 1 0.752166 21.800000
226 0 0.000000 100.000000
227 0 0.000000 100.000000
228 0 0.000000 100.000000
229 0 0.000000 100.000000
230 0 0.000000 100.000000
231 0 0.000000 100.000000
232 0 0.000000 100.000000
233 0 0.000000 100.000000
234 0 0.000000 100.000000
235 0 0.000000 100.000000
236 2 0.485243 49.400000
237 2 0.344618 75.000000
238 2 0.742188 13.400000
239 0 0.000000 100.000000
240 0 0.000000 100.000000
241 0 0.000000 100.000000
242 0 0.000000 100.000000
243 0 0.000000 100.000000
244 2 0.657118 20.000000
245 9 0.802578 0.000000
246 0 0.000000 100.000000
247 0 0.000000 100.000000
248 0 0.000000 100.000000
249 0 0.000000 100.000000
250 0 0.000000 100.000000
251 0 0.000000 100.000000
252 0 0.000000 100.000000
253 0 0.000000 100.000000
254 0 0.000000 100.000000
255 0 0.000000 100.000000
256 0 0.000000 100.000000
257 0 0.000000 100.000000
258 0 0.000000 100.000000
259 0 0.000000 100.000000
260 0 0.000000 100.000000
261 0 0.000000 100.000000
262 0 0.000000 100.000000
263 0 0.000000 100.000000
264 0 0.000000 100.000000
265 0 0.000000 100.000000
266 0 0.000000 100.000000
267 0 0.000000 100.000000
268 0 0.000000 100.000000
269 0 0.000000 100.000000
270 0 0.000000 100.000000
271 0 0.000000 100.000000
272 0 0.000000 100.000000
273 482 0.875497 0.000000
274 450 0.765937 0.000000
275 10 0.697007 1.600000
276 0 0.000000 100.000000
277 15 0.638366 3.600000
278 345 0.726703 0.000000
279 34 0.823692 0.000000
280 20 0.693996 0.000000
281 20 0.669624 0.600000
282 12 0.722173 0.400000
283 4 0.232578 96.800000
284 0 0.000000 100.000000
285 0 0.000000 100.000000
286 368 0.698085 0.000000
287 7 0.669252 6.000000
288 0 0.000000 100.000000
289 0 0.000000 100.000000
290 2 0.394097 71.600000
291 0 0.000000 100.000000
292 0 0.000000 100.000000
293 9 0.719391 0.800000
294 577 0.670711 36.200000
295 5 0.745550 3.200000
296 5 0.375916 81.200000
297 5 0.439791 65.000000
298 0 0.000000 100.000000
299 421 0.756479 0.000000
300 239 0.724454 0.000000
301 553 0.709295 0.000000
302 80 0.724799 0.000000
303 0 0.000000 100.000000
304 114 0.684381 0.000000
305 4 0.699913 9.000000
306 571 0.650488 9.600000
307 0 0.000000 100.000000
308 0 0.000000 100.000000
309 0 0.000000 100.000000
310 0 0.000000 100.000000
311 0 0.000000 100.000000
312 0 0.000000 100.000000
313 0 0.000000 100.000000
314 0 0.000000 100.000000
315 0 0.000000 100.000000
316 0 0.000000 100.000000
317 0 0.000000 100.000000
318 0 0.000000 100.000000
0 0 0.000000 0.000000
