0 348 0.754160 0.000000
1 411 0.800516 0.000000
2 218 0.798203 0.000000
3 86 0.775147 0.000000
4 135 0.829379 0.000000
5 7 0.449837 65.800000
6 0 0.000000 100.000000
7 12 0.518698 43.800000
8 20 0.406004 91.200000
9 1 0.213172 79.400000
10 0 0.000000 100.000000
11 150 0.819798 0.000000
12 49 0.627329 0.000000
13 109 0.813012 0.000000
14 39 0.768089 0.000000
15 62 0.734277 0.000000
16 11 0.531025 36.400000
17 178 0.811826 0.000000
18 5 0.492845 53.400000
19 3 0.377971 77.600000
20 11 0.957832 0.000000
21 0 0.000000 100.000000
22 197 0.785550 0.000000
23 30 0.674088 0.000000
24 36 0.784594 0.000000
25 115 0.825693 0.000000
26 1 0.474870 47.600000
27 23 0.672934 0.000000
28 1 0.239168 75.800000
29 9 0.515524 42.800000
30 0 0.000000 100.000000
31 2 0.870660 2.000000
32 23 0.810889 0.000000
33 0 0.000000 100.000000
34 4 0.222125 96.000000
35 0 0.000000 100.000000
36 10 0.802113 0.200000
37 3 0.428406 65.800000
38 2 0.505208 50.200000
39 33 0.784376 0.000000
40 23 0.692284 0.000000
41 0 0.000000 100.000000
42 0 0.000000 100.000000
43 1 0.076256 91.600000
44 0 0.000000 100.000000
45 0 0.000000 100.000000
46 0 0.000000 100.000000
47 1 0.826690 17.000000
48 89 0.826268 0.000000
49 0 0.000000 100.000000
50 0 0.000000 100.000000
51 6 0.659382 10.000000
52 0 0.000000 100.000000
53 0 0.000000 100.000000
54 5 0.507155 46.400000
55 27 0.734019 0.000000
56 5 0.736824 4.200000
57 1 0.889081 12.000000
58 1 0.258232 76.000000
59 0 0.000000 100.000000
60 0 0.000000 100.000000
61 0 0.000000 100.000000
62 34 0.685121 0.200000
63 0 0.000000 100.000000
64 7 0.387791 82.200000
65 7 0.565924 28.200000
66 0 0.000000 100.000000
67 3 0.654493 16.600000
68 0 0.000000 100.000000
69 1 0.263432 75.000000
70 0 0.000000 100.000000
71 5 0.417452 74.600000
72 0 0.000000 100.000000
73 10 0.549120 29.000000
74 1 0.409012 59.800000
75 5 0.432112 68.800000
76 0 0.000000 100.000000
77 1 0.181976 79.000000
78 0 0.000000 100.000000
79 0 0.000000 100.000000
80 0 0.000000 100.000000
81 0 0.000000 100.000000
82 0 0.000000 100.000000
83 96 0.722489 0.000000
84 71 0.735200 0.000000
85 99 0.841610 0.000000
86 0 0.000000 100.000000
87 360 0.777408 0.000000
88 0 0.000000 100.000000
89 5 0.600698 21.800000
90 0 0.000000 100.000000
91 0 0.000000 100.000000
92 0 0.000000 100.000000
93 0 0.000000 100.000000
94 0 0.000000 100.000000
95 0 0.000000 100.000000
96 0 0.000000 100.000000
97 62 0.845836 0.000000
98 0 0.000000 100.000000
99 15 0.670811 1.200000
100 47 0.894218 0.000000
101 80 0.814759 0.000000
102 1 0.306759 68.600000
103 0 0.000000 100.000000
104 0 0.000000 100.000000
105 0 0.000000 100.000000
106 0 0.000000 100.000000
107 1 0.521664 51.200000
108 3 0.722319 7.000000
109 3 0.552464 37.000000
110 0 0.000000 100.000000
111 127 0.795922 0.000000
112 58 0.849171 0.000000
113 0 0.000000 100.000000
114 2 0.210938 90.800000
115 0 0.000000 100.000000
116 0 0.000000 100.000000
117 0 0.000000 100.000000
118 4 0.962979 0.000000
119 0 0.000000 100.000000
120 27 0.661222 0.200000
121 0 0.000000 100.000000
122 3 0.418551 66.400000
123 0 0.000000 100.000000
124 2 0.868924 3.400000
125 1 0.121317 87.400000
126 11 0.376944 91.400000
127 2 0.156250 96.400000
128 1 0.994801 0.800000
129 0 0.000000 100.000000
130 0 0.000000 100.000000
131 0 0.000000 100.000000
132 7 0.683262 4.200000
133 3 0.746087 8.400000
134 113 0.809573 0.000000
135 41 0.899123 0.000000
136 243 0.830404 0.000000
137 28 0.660260 0.200000
138 0 0.000000 100.000000
139 1 0.280763 73.400000
140 0 0.000000 100.000000
141 0 0.000000 100.000000
142 68 0.750461 0.000000
143 0 0.000000 100.000000
144 0 0.000000 100.000000
145 0 0.000000 100.000000
146 17 0.720247 0.400000
147 0 0.000000 100.000000
148 18 0.622917 2.600000
149 6 0.680653 7.400000
150 5 0.479232 59.200000
151 0 0.000000 100.000000
152 3 0.582609 31.200000
153 0 0.000000 100.000000
154 0 0.000000 100.000000
155 0 0.000000 100.000000
156 0 0.000000 100.000000
157 0 0.000000 100.000000
158 0 0.000000 100.000000
159 0 0.000000 100.000000
160 0 0.000000 100.000000
161 0 0.000000 100.000000
162 0 0.000000 100.000000
163 0 0.000000 100.000000
164 0 0.000000 100.000000
165 0 0.000000 100.000000
166 0 0.000000 100.000000
167 0 0.000000 100.000000
168 99 0.789988 0.000000
169 9 0.355399 94.000000
170 52 0.767659 0.000000
171 30 0.802737 0.000000
172 2 0.653646 24.000000
173 4 0.374564 80.600000
174 0 0.000000 100.000000
175 14 0.705167 0.200000
176 101 0.860037 0.000000
177 0 0.000000 100.000000
178 69 0.762706 0.000000
179 77 0.824636 0.000000
180 132 0.759138 0.000000
181 76 0.867477 0.000000
182 17 0.683024 1.200000
183 259 0.819755 0.000000
184 0 0.000000 100.000000
185 0 0.000000 100.000000
186 0 0.000000 100.000000
187 11 0.491422 55.400000
188 0 0.000000 100.000000
189 0 0.000000 100.000000
190 0 0.000000 100.000000
191 0 0.000000 100.000000
192 0 0.000000 100.000000
193 0 0.000000 100.000000
194 0 0.000000 100.000000
195 1 0.934142 7.400000
196 2 0.679688 18.000000
197 1 0.145581 83.800000
198 0 0.000000 100.000000
199 3 0.449275 59.200000
200 0 0.000000 100.000000
201 0 0.000000 100.000000
202 0 0.000000 100.000000
203 1 0.090121 90.200000
204 0 0.000000 100.000000
205 0 0.000000 100.000000
206 0 0.000000 100.000000
207 0 0.000000 100.000000
208 3 0.346087 79.600000
209 0 0.000000 100.000000
210 13 0.805990 0.000000
211 0 0.000000 100.000000
212 0 0.000000 100.000000
213 17 0.745937 0.000000
214 0 0.000000 100.000000
215 0 0.000000 100.000000
216 0 0.000000 100.000000
217 0 0.000000 100.000000
218 0 0.000000 100.000000
219 0 0.000000 100.000000
220 0 0.000000 100.000000
221 0 0.000000 100.000000
222 0 0.000000 100.000000
223 2 0.344618 73.600000
224 0 0.000000 100.000000
225 0 0.000000 100.000000
226 0 0.000000 100.000000
227 0 0.000000 100.000000
228 0 0.000000 100.000000
229 0 0.000000 100.000000
230 1 0.993068 1.200000
231 0 0.000000 100.000000
232 0 0.000000 100.000000
233 0 0.000000 100.000000
234 1 0.305026 74.200000
235 0 0.000000 100.000000
236 4 0.817073 1.000000
237 4 0.968641 0.000000
238 2 0.703125 19.000000
239 0 0.000000 100.000000
240 0 0.000000 100.000000
241 0 0.000000 100.000000
242 0 0.000000 100.000000
243 0 0.000000 100.000000
244 3 0.554783 38.800000
245 15 0.618354 8.000000
246 0 0.000000 100.000000
247 0 0.000000 100.000000
248 0 0.000000 100.000000
249 0 0.000000 100.000000
250 0 0.000000 100.000000
251 0 0.000000 100.000000
252 0 0.000000 100.000000
253 0 0.000000 100.000000
254 0 0.000000 100.000000
255 0 0.000000 100.000000
256 0 0.000000 100.000000
257 0 0.000000 100.000000
258 0 0.000000 100.000000
259 0 0.000000 100.000000
260 0 0.000000 100.000000
261 0 0.000000 100.000000
262 0 0.000000 100.000000
263 0 0.000000 100.000000
264 0 0.000000 100.000000
265 0 0.000000 100.000000
266 0 0.000000 100.000000
267 0 0.000000 100.000000
268 0 0.000000 100.000000
269 0 0.000000 100.000000
270 0 0.000000 100.000000
271 0 0.000000 100.000000
272 0 0.000000 100.000000
273 486 0.916219 0.000000
274 463 0.785050 0.000000
275 12 0.311249 99.000000
276 0 0.000000 100.000000
277 21 0.733607 0.000000
278 366 0.773765 0.000000
279 43 0.755271 0.000000
280 25 0.608391 3.400000
281 18 0.740575 0.000000
282 10 0.787676 0.000000
283 7 0.506880 47.200000
284 0 0.000000 100.000000
285 0 0.000000 100.000000
286 355 0.799444 0.000000
287 7 0.456843 63.200000
288 0 0.000000 100.000000
289 0 0.000000 100.000000
290 5 0.344852 88.000000
291 0 0.000000 100.000000
292 0 0.000000 100.000000
293 15 0.563529 19.400000
294 578 0.000000 100.000000
295 6 0.581002 21.600000
296 5 0.621640 18.800000
297 5 0.185689 99.800000
298 0 0.000000 100.000000
299 402 0.752162 0.000000
300 251 0.727451 0.000000
301 556 0.785481 0.000000
302 89 0.834517 0.000000
303 0 0.000000 100.000000
304 114 0.704987 0.000000
305 2 0.422743 64.000000
306 567 0.647587 4.600000
307 0 0.000000 100.000000
308 0 0.000000 100.000000
309 0 0.000000 100.000000
310 0 0.000000 100.000000
311 0 0.000000 100.000000
312 0 0.000000 100.000000
313 0 0.000000 100.000000
314 0 0.000000 100.000000
315 0 0.000000 100.000000
316 0 0.000000 100.000000
317 0 0.000000 100.000000
318 0 0.000000 100.000000
0 0 0.000000 0.000000
