0 358 0.758850 0.000000
1 379 0.776640 0.000000
2 220 0.794464 0.000000
3 75 0.781365 0.000000
4 118 0.759727 0.000000
5 9 0.634056 9.200000
6 0 0.000000 100.000000
7 13 0.428591 79.800000
8 13 0.274745 99.400000
9 1 0.058925 94.000000
10 0 0.000000 100.000000
11 153 0.791819 0.000000
12 47 0.636014 0.200000
13 104 0.772314 0.000000
14 45 0.819137 0.000000
15 58 0.681466 0.000000
16 16 0.440614 80.600000
17 169 0.735449 0.000000
18 4 0.554443 36.600000
19 7 0.809607 0.000000
20 4 0.880662 0.800000
21 0 0.000000 100.000000
22 173 0.785428 0.000000
23 24 0.716983 0.000000
24 34 0.796551 0.000000
25 102 0.817000 0.000000
26 2 0.610243 32.800000
27 16 0.823510 0.000000
28 2 0.284722 83.400000
29 3 0.346087 83.400000
30 0 0.000000 100.000000
31 3 0.593623 29.400000
32 16 0.724310 0.000000
33 0 0.000000 100.000000
34 4 0.454268 60.800000
35 3 0.583768 32.000000
36 12 0.481743 59.600000
37 7 0.558169 30.000000
38 1 0.383016 60.000000
39 33 0.836975 0.000000
40 28 0.682273 0.000000
41 0 0.000000 100.000000
42 0 0.000000 100.000000
43 1 0.660312 35.000000
44 0 0.000000 100.000000
45 0 0.000000 100.000000
46 0 0.000000 100.000000
47 2 0.466146 53.000000
48 84 0.797306 0.000000
49 0 0.000000 100.000000
50 0 0.000000 100.000000
51 6 0.622669 17.000000
52 0 0.000000 100.000000
53 0 0.000000 100.000000
54 3 0.270725 91.400000
55 25 0.756890 0.000000
56 3 0.366377 78.400000
57 0 0.000000 100.000000
58 1 0.535529 50.000000
59 0 0.000000 100.000000
60 0 0.000000 100.000000
61 2 0.171875 95.400000
62 33 0.679844 0.000000
63 0 0.000000 100.000000
64 14 0.468972 72.200000
65 14 0.403369 89.600000
66 0 0.000000 100.000000
67 0 0.000000 100.000000
68 0 0.000000 100.000000
69 1 0.071057 94.200000
70 0 0.000000 100.000000
71 10 0.585739 14.200000
72 1 0.592721 41.600000
73 14 0.752153 0.000000
74 0 0.000000 100.000000
75 3 0.750145 9.000000
76 0 0.000000 100.000000
77 1 0.128250 86.600000
78 0 0.000000 100.000000
79 0 0.000000 100.000000
80 0 0.000000 100.000000
81 0 0.000000 100.000000
82 0 0.000000 100.000000
83 95 0.728473 0.000000
84 70 0.691001 0.000000
85 104 0.865506 0.000000
86 0 0.000000 100.000000
87 372 0.789931 0.000000
88 0 0.000000 100.000000
89 2 0.562500 37.600000
90 0 0.000000 100.000000
91 0 0.000000 100.000000
92 0 0.000000 100.000000
93 0 0.000000 100.000000
94 0 0.000000 100.000000
95 0 0.000000 100.000000
96 0 0.000000 100.000000
97 50 0.782500 0.000000
98 0 0.000000 100.000000
99 9 0.715681 1.000000
100 41 0.741790 0.000000
101 65 0.723497 0.000000
102 3 0.803478 2.800000
103 0 0.000000 100.000000
104 0 0.000000 100.000000
105 0 0.000000 100.000000
106 0 0.000000 100.000000
107 0 0.000000 100.000000
108 9 0.586799 18.800000
109 3 0.523478 41.000000
110 0 0.000000 100.000000
111 132 0.788134 0.000000
112 62 0.825300 0.000000
113 0 0.000000 100.000000
114 7 0.387541 80.600000
115 0 0.000000 100.000000
116 0 0.000000 100.000000
117 0 0.000000 100.000000
118 1 0.714038 28.600000
119 0 0.000000 100.000000
120 28 0.687597 0.000000
121 0 0.000000 100.000000
122 0 0.000000 100.000000
123 0 0.000000 100.000000
124 5 0.676440 8.800000
125 1 0.331023 64.400000
126 6 0.483683 53.400000
127 1 0.336222 68.200000
128 2 0.953993 0.200000
129 0 0.000000 100.000000
130 0 0.000000 100.000000
131 0 0.000000 100.000000
132 7 0.577933 26.400000
133 2 0.762153 13.000000
134 95 0.757263 0.000000
135 35 0.871823 0.000000
136 212 0.787091 0.000000
137 21 0.773703 0.000000
138 0 0.000000 100.000000
139 0 0.000000 100.000000
140 0 0.000000 100.000000
141 0 0.000000 100.000000
142 71 0.755674 0.000000
143 0 0.000000 100.000000
144 0 0.000000 100.000000
145 0 0.000000 100.000000
146 14 0.632979 3.600000
147 0 0.000000 100.000000
148 16 0.658029 2.800000
149 11 0.576399 19.000000
150 8 0.598465 19.000000
151 0 0.000000 100.000000
152 3 0.415072 70.800000
153 0 0.000000 100.000000
154 0 0.000000 100.000000
155 0 0.000000 100.000000
156 0 0.000000 100.000000
157 0 0.000000 100.000000
158 0 0.000000 100.000000
159 0 0.000000 100.000000
160 0 0.000000 100.000000
161 0 0.000000 100.000000
162 0 0.000000 100.000000
163 0 0.000000 100.000000
164 0 0.000000 100.000000
165 0 0.000000 100.000000
166 0 0.000000 100.000000
167 0 0.000000 100.000000
168 96 0.752053 0.000000
169 11 0.476832 61.400000
170 49 0.783805 0.000000
171 22 0.750899 0.000000
172 4 0.610627 23.800000
173 4 0.604965 25.600000
174 1 0.580589 42.200000
175 22 0.679366 0.400000
176 101 0.811591 0.000000
177 0 0.000000 100.000000
178 78 0.775333 0.000000
179 61 0.780765 0.000000
180 124 0.720815 0.000000
181 81 0.843928 0.000000
182 19 0.724037 0.000000
183 263 0.750763 0.000000
184 0 0.000000 100.000000
185 0 0.000000 100.000000
186 0 0.000000 100.000000
187 4 0.752613 3.600000
188 0 0.000000 100.000000
189 0 0.000000 100.000000
190 0 0.000000 100.000000
191 0 0.000000 100.000000
192 0 0.000000 100.000000
193 0 0.000000 100.000000
194 0 0.000000 100.000000
195 1 0.253033 76.800000
196 0 0.000000 100.000000
197 3 0.693333 12.000000
198 0 0.000000 100.000000
199 4 0.623258 19.800000
200 3 0.490435 55.000000
201 0 0.000000 100.000000
202 0 0.000000 100.000000
203 2 0.174479 94.600000
204 0 0.000000 100.000000
205 0 0.000000 100.000000
206 0 0.000000 100.000000
207 0 0.000000 100.000000
208 3 0.297391 88.000000
209 3 0.722319 10.600000
210 18 0.739683 0.000000
211 0 0.000000 100.000000
212 0 0.000000 100.000000
213 28 0.693377 0.200000
214 0 0.000000 100.000000
215 0 0.000000 100.000000
216 0 0.000000 100.000000
217 0 0.000000 100.000000
218 0 0.000000 100.000000
219 0 0.000000 100.000000
220 0 0.000000 100.000000
221 0 0.000000 100.000000
222 0 0.000000 100.000000
223 4 0.455139 62.600000
224 0 0.000000 100.000000
225 1 0.975737 2.400000
226 0 0.000000 100.000000
227 0 0.000000 100.000000
228 0 0.000000 100.000000
229 0 0.000000 100.000000
230 0 0.000000 100.000000
231 0 0.000000 100.000000
232 0 0.000000 100.000000
233 0 0.000000 100.000000
234 0 0.000000 100.000000
235 0 0.000000 100.000000
236 1 0.682842 33.800000
237 3 0.870725 1.600000
238 2 0.746528 13.400000
239 0 0.000000 100.000000
240 0 0.000000 100.000000
241 0 0.000000 100.000000
242 0 0.000000 100.000000
243 0 0.000000 100.000000
244 1 0.980936 2.200000
245 12 0.672261 2.600000
246 0 0.000000 100.000000
247 0 0.000000 100.000000
248 0 0.000000 100.000000
249 0 0.000000 100.000000
250 0 0.000000 100.000000
251 0 0.000000 100.000000
252 0 0.000000 100.000000
253 0 0.000000 100.000000
254 0 0.000000 100.000000
255 0 0.000000 100.000000
256 0 0.000000 100.000000
257 0 0.000000 100.000000
258 0 0.000000 100.000000
259 0 0.000000 100.000000
260 0 0.000000 100.000000
261 0 0.000000 100.000000
262 0 0.000000 100.000000
263 0 0.000000 100.000000
264 0 0.000000 100.000000
265 0 0.000000 100.000000
266 0 0.000000 100.000000
267 0 0.000000 100.000000
268 0 0.000000 100.000000
269 0 0.000000 100.000000
270 0 0.000000 100.000000
271 0 0.000000 100.000000
272 0 0.000000 100.000000
273 485 0.898104 0.000000
274 451 0.795991 0.000000
275 10 0.627641 7.000000
276 0 0.000000 100.000000
277 17 0.630806 4.400000
278 356 0.805534 0.000000
279 32 0.690820 0.000000
280 25 0.684846 0.200000
281 22 0.763407 0.000000
282 13 0.623417 7.000000
283 5 0.516579 45.000000
284 0 0.000000 100.000000
285 0 0.000000 100.000000
286 343 0.753440 0.000000
287 7 0.421316 77.000000
288 0 0.000000 100.000000
289 0 0.000000 100.000000
290 1 0.788562 20.600000
291 0 0.000000 100.000000
292 0 0.000000 100.000000
293 9 0.622144 11.400000
294 577 0.798960 19.400000
295 4 0.531794 44.000000
296 4 0.757840 4.000000
297 4 0.432056 70.400000
298 0 0.000000 100.000000
299 392 0.782642 0.000000
300 218 0.707072 0.000000
301 546 0.693710 0.000000
302 89 0.770387 0.000000
303 0 0.000000 100.000000
304 114 0.706500 0.000000
305 3 0.619710 22.200000
306 571 0.528646 35.600000
307 0 0.000000 100.000000
308 0 0.000000 100.000000
309 0 0.000000 100.000000
310 0 0.000000 100.000000
311 0 0.000000 100.000000
312 0 0.000000 100.000000
313 0 0.000000 100.000000
314 0 0.000000 100.000000
315 0 0.000000 100.000000
316 0 0.000000 100.000000
317 0 0.000000 100.000000
318 0 0.000000 100.000000
0 0 0.000000 0.000000
