0 379 0.778974 0.000000
1 409 0.777202 0.000000
2 218 0.823815 0.000000
3 87 0.786034 0.000000
4 111 0.807261 0.000000
5 9 0.621949 8.800000
6 0 0.000000 100.000000
7 12 0.438899 73.600000
8 15 0.734991 0.000000
9 1 0.464471 53.000000
10 0 0.000000 100.000000
11 143 0.790435 0.000000
12 39 0.690738 0.000000
13 100 0.777092 0.000000
14 46 0.759439 0.000000
15 54 0.809938 0.000000
16 12 0.698174 0.600000
17 176 0.769816 0.000000
18 8 0.480263 54.200000
19 3 0.323478 84.400000
20 3 0.889275 0.200000
21 0 0.000000 100.000000
22 190 0.784387 0.000000
23 27 0.703435 0.000000
24 33 0.708869 0.000000
25 118 0.813062 0.000000
26 2 0.615451 29.800000
27 17 0.692671 0.000000
28 0 0.000000 100.000000
29 5 0.391623 80.600000
30 0 0.000000 100.000000
31 5 0.657941 11.600000
32 22 0.644457 0.600000
33 0 0.000000 100.000000
34 5 0.529145 44.000000
35 0 0.000000 100.000000
36 4 0.351481 84.000000
37 3 0.444638 63.800000
38 0 0.000000 100.000000
39 24 0.807536 0.000000
40 22 0.656393 0.400000
41 0 0.000000 100.000000
42 1 0.093588 91.200000
43 1 0.514731 49.400000
44 0 0.000000 100.000000
45 0 0.000000 100.000000
46 0 0.000000 100.000000
47 4 0.441202 65.200000
48 85 0.777115 0.000000
49 0 0.000000 100.000000
50 0 0.000000 100.000000
51 9 0.394064 86.600000
52 0 0.000000 100.000000
53 3 0.445217 62.200000
54 4 0.485192 52.000000
55 33 0.837531 0.000000
56 3 0.233043 94.600000
57 1 0.625650 38.600000
58 1 0.790295 22.000000
59 0 0.000000 100.000000
60 0 0.000000 100.000000
61 1 0.015598 98.200000
62 42 0.796731 0.000000
63 1 0.176776 82.200000
64 15 0.465956 65.200000
65 16 0.396241 92.200000
66 0 0.000000 100.000000
67 1 0.922010 8.000000
68 0 0.000000 100.000000
69 1 0.384749 64.800000
70 0 0.000000 100.000000
71 11 0.372294 94.000000
72 0 0.000000 100.000000
73 9 0.503027 46.200000
74 1 0.473137 50.600000
75 3 0.613913 25.000000
76 0 0.000000 100.000000
77 1 0.065858 94.000000
78 0 0.000000 100.000000
79 0 0.000000 100.000000
80 0 0.000000 100.000000
81 0 0.000000 100.000000
82 0 0.000000 100.000000
83 115 0.760372 0.000000
84 77 0.732250 0.000000
85 114 0.862012 0.000000
86 0 0.000000 100.000000
87 389 0.782130 0.000000
88 0 0.000000 100.000000
89 4 0.334930 87.400000
90 0 0.000000 100.000000
91 0 0.000000 100.000000
92 0 0.000000 100.000000
93 0 0.000000 100.000000
94 0 0.000000 100.000000
95 0 0.000000 100.000000
96 0 0.000000 100.000000
97 62 0.754564 0.000000
98 0 0.000000 100.000000
99 14 0.505826 49.000000
100 49 0.787392 0.000000
101 64 0.786175 0.000000
102 1 0.963605 4.600000
103 0 0.000000 100.000000
104 0 0.000000 100.000000
105 0 0.000000 100.000000
106 0 0.000000 100.000000
107 0 0.000000 100.000000
108 6 0.488054 56.400000
109 2 0.129340 97.000000
110 0 0.000000 100.000000
111 130 0.774193 0.000000
112 65 0.807167 0.000000
113 0 0.000000 100.000000
114 11 0.574635 20.400000
115 0 0.000000 100.000000
116 0 0.000000 100.000000
117 0 0.000000 100.000000
118 3 0.366377 78.800000
119 0 0.000000 100.000000
120 22 0.750000 0.000000
121 0 0.000000 100.000000
122 4 0.525697 40.800000
123 0 0.000000 100.000000
124 9 0.578598 21.800000
125 0 0.000000 100.000000
126 5 0.502967 48.200000
127 5 0.611867 21.000000
128 3 0.765217 5.200000
129 0 0.000000 100.000000
130 0 0.000000 100.000000
131 0 0.000000 100.000000
132 7 0.487366 52.800000
133 3 0.697391 11.800000
134 93 0.720918 0.000000
135 39 0.853099 0.000000
136 235 0.813945 0.000000
137 28 0.699545 0.000000
138 0 0.000000 100.000000
139 0 0.000000 100.000000
140 0 0.000000 100.000000
141 0 0.000000 100.000000
142 77 0.741089 0.000000
143 0 0.000000 100.000000
144 0 0.000000 100.000000
145 0 0.000000 100.000000
146 10 0.823063 0.000000
147 0 0.000000 100.000000
148 15 0.731912 0.200000
149 5 0.463874 60.400000
150 9 0.732669 0.600000
151 0 0.000000 100.000000
152 4 0.709495 6.800000
153 0 0.000000 100.000000
154 0 0.000000 100.000000
155 0 0.000000 100.000000
156 0 0.000000 100.000000
157 0 0.000000 100.000000
158 0 0.000000 100.000000
159 0 0.000000 100.000000
160 0 0.000000 100.000000
161 0 0.000000 100.000000
162 0 0.000000 100.000000
163 0 0.000000 100.000000
164 1 0.507799 51.800000
165 0 0.000000 100.000000
166 0 0.000000 100.000000
167 0 0.000000 100.000000
168 98 0.753997 0.000000
169 11 0.423280 82.600000
170 50 0.807576 0.000000
171 23 0.802585 0.000000
172 6 0.414918 74.800000
173 2 0.151910 94.200000
174 0 0.000000 100.000000
175 15 0.798697 0.000000
176 111 0.858518 0.000000
177 0 0.000000 100.000000
178 71 0.807095 0.000000
179 72 0.795235 0.000000
180 117 0.777908 0.000000
181 82 0.900669 0.000000
182 15 0.749082 0.000000
183 255 0.797402 0.000000
184 0 0.000000 100.000000
185 0 0.000000 100.000000
186 0 0.000000 100.000000
187 7 0.620215 14.000000
188 0 0.000000 100.000000
189 0 0.000000 100.000000
190 0 0.000000 100.000000
191 0 0.000000 100.000000
192 0 0.000000 100.000000
193 0 0.000000 100.000000
194 0 0.000000 100.000000
195 0 0.000000 100.000000
196 0 0.000000 100.000000
197 2 0.510417 53.000000
198 0 0.000000 100.000000
199 3 0.355942 80.000000
200 2 0.613715 31.400000
201 0 0.000000 100.000000
202 0 0.000000 100.000000
203 1 0.025997 97.800000
204 0 0.000000 100.000000
205 0 0.000000 100.000000
206 0 0.000000 100.000000
207 0 0.000000 100.000000
208 3 0.307826 89.400000
209 1 0.268631 72.200000
210 17 0.665094 1.000000
211 1 0.774697 21.200000
212 0 0.000000 100.000000
213 27 0.758285 0.000000
214 0 0.000000 100.000000
215 0 0.000000 100.000000
216 0 0.000000 100.000000
217 0 0.000000 100.000000
218 0 0.000000 100.000000
219 0 0.000000 100.000000
220 0 0.000000 100.000000
221 0 0.000000 100.000000
222 0 0.000000 100.000000
223 1 0.279029 69.600000
224 0 0.000000 100.000000
225 1 0.967071 2.800000
226 0 0.000000 100.000000
227 0 0.000000 100.000000
228 0 0.000000 100.000000
229 0 0.000000 100.000000
230 0 0.000000 100.000000
231 0 0.000000 100.000000
232 0 0.000000 100.000000
233 0 0.000000 100.000000
234 0 0.000000 100.000000
235 0 0.000000 100.000000
236 2 0.632812 27.600000
237 2 0.717882 18.200000
238 2 0.737847 15.600000
239 0 0.000000 100.000000
240 0 0.000000 100.000000
241 0 0.000000 100.000000
242 0 0.000000 100.000000
243 0 0.000000 100.000000
244 2 0.611111 30.600000
245 9 0.693224 2.000000
246 0 0.000000 100.000000
247 0 0.000000 100.000000
248 0 0.000000 100.000000
249 0 0.000000 100.000000
250 0 0.000000 100.000000
251 0 0.000000 100.000000
252 0 0.000000 100.000000
253 0 0.000000 100.000000
254 0 0.000000 100.000000
255 0 0.000000 100.000000
256 0 0.000000 100.000000
257 0 0.000000 100.000000
258 0 0.000000 100.000000
259 0 0.000000 100.000000
260 0 0.000000 100.000000
261 0 0.000000 100.000000
262 0 0.000000 100.000000
263 0 0.000000 100.000000
264 0 0.000000 100.000000
265 0 0.000000 100.000000
266 0 0.000000 100.000000
267 0 0.000000 100.000000
268 0 0.000000 100.000000
269 0 0.000000 100.000000
270 0 0.000000 100.000000
271 0 0.000000 100.000000
272 0 0.000000 100.000000
273 482 0.883969 0.000000
274 450 0.813767 0.000000
275 10 0.507746 44.600000
276 0 0.000000 100.000000
277 15 0.634103 3.800000
278 345 0.744679 0.000000
279 34 0.826449 0.000000
280 20 0.744624 0.000000
281 20 0.786201 0.000000
282 12 0.752208 0.400000
283 4 0.131098 99.800000
284 0 0.000000 100.000000
285 0 0.000000 100.000000
286 368 0.728131 0.000000
287 7 0.595447 21.000000
288 0 0.000000 100.000000
289 0 0.000000 100.000000
290 2 0.506944 47.000000
291 0 0.000000 100.000000
292 0 0.000000 100.000000
293 9 0.661590 3.800000
294 577 0.991334 1.400000
295 5 0.572426 30.000000
296 5 0.478883 56.000000
297 5 0.295986 93.400000
298 0 0.000000 100.000000
299 421 0.751940 0.000000
300 239 0.763814 0.000000
301 553 0.720362 0.000000
302 80 0.765186 0.000000
303 0 0.000000 100.000000
304 114 0.686971 0.000000
305 4 0.557927 35.400000
306 571 0.623217 14.200000
307 0 0.000000 100.000000
308 0 0.000000 100.000000
309 0 0.000000 100.000000
310 0 0.000000 100.000000
311 0 0.000000 100.000000
312 0 0.000000 100.000000
313 0 0.000000 100.000000
314 0 0.000000 100.000000
315 0 0.000000 100.000000
316 0 0.000000 100.000000
317 0 0.000000 100.000000
318 0 0.000000 100.000000
0 0 0.000000 0.000000
