0 373 0.743752 0.000000
1 417 0.814231 0.000000
2 238 0.805746 0.000000
3 104 0.831852 0.000000
4 133 0.788511 0.000000
5 12 0.444199 75.600000
6 0 0.000000 100.000000
7 7 0.454841 65.800000
8 17 0.450876 75.200000
9 0 0.000000 100.000000
10 0 0.000000 100.000000
11 144 0.806996 0.000000
12 44 0.667816 0.000000
13 108 0.798916 0.000000
14 39 0.833976 0.000000
15 57 0.769775 0.000000
16 12 0.507067 45.000000
17 154 0.773233 0.000000
18 7 0.603953 16.200000
19 7 0.626470 14.000000
20 9 0.394649 81.000000
21 0 0.000000 100.000000
22 175 0.776576 0.000000
23 27 0.768972 0.000000
24 37 0.778688 0.000000
25 94 0.803082 0.000000
26 1 0.934142 5.400000
27 19 0.781659 0.000000
28 3 0.836522 2.200000
29 4 0.540941 44.600000
30 0 0.000000 100.000000
31 3 0.739130 9.000000
32 17 0.734403 0.000000
33 0 0.000000 100.000000
34 1 0.603120 42.800000
35 0 0.000000 100.000000
36 9 0.217926 99.800000
37 7 0.413560 75.800000
38 1 0.178510 83.200000
39 30 0.759854 0.000000
40 26 0.703247 0.000000
41 0 0.000000 100.000000
42 0 0.000000 100.000000
43 3 0.453913 60.600000
44 0 0.000000 100.000000
45 0 0.000000 100.000000
46 0 0.000000 100.000000
47 5 0.531937 41.200000
48 103 0.735779 0.000000
49 0 0.000000 100.000000
50 0 0.000000 100.000000
51 5 0.305061 93.200000
52 0 0.000000 100.000000
53 0 0.000000 100.000000
54 4 0.548780 42.000000
55 34 0.783034 0.000000
56 2 0.146701 95.000000
57 2 0.342014 79.400000
58 0 0.000000 100.000000
59 0 0.000000 100.000000
60 0 0.000000 100.000000
61 0 0.000000 100.000000
62 42 0.744314 0.000000
63 0 0.000000 100.000000
64 13 0.544044 29.000000
65 13 0.609530 6.600000
66 0 0.000000 100.000000
67 1 0.674177 31.600000
68 0 0.000000 100.000000
69 0 0.000000 100.000000
70 0 0.000000 100.000000
71 10 0.467430 64.800000
72 0 0.000000 100.000000
73 11 0.320186 97.600000
74 0 0.000000 100.000000
75 6 0.365093 87.400000
76 0 0.000000 100.000000
77 1 0.069324 94.200000
78 0 0.000000 100.000000
79 0 0.000000 100.000000
80 0 0.000000 100.000000
81 0 0.000000 100.000000
82 0 0.000000 100.000000
83 98 0.812224 0.000000
84 81 0.711802 0.000000
85 106 0.885693 0.000000
86 0 0.000000 100.000000
87 381 0.758224 0.000000
88 0 0.000000 100.000000
89 4 0.552265 37.200000
90 0 0.000000 100.000000
91 0 0.000000 100.000000
92 0 0.000000 100.000000
93 0 0.000000 100.000000
94 0 0.000000 100.000000
95 0 0.000000 100.000000
96 0 0.000000 100.000000
97 71 0.851849 0.000000
98 0 0.000000 100.000000
99 13 0.585296 17.000000
100 59 0.849580 0.000000
101 73 0.831005 0.000000
102 5 0.560209 33.400000
103 0 0.000000 100.000000
104 0 0.000000 100.000000
105 0 0.000000 100.000000
106 0 0.000000 100.000000
107 0 0.000000 100.000000
108 7 0.655992 9.000000
109 2 0.342014 76.600000
110 0 0.000000 100.000000
111 118 0.746260 0.000000
112 57 0.806310 0.000000
113 0 0.000000 100.000000
114 5 0.675044 9.200000
115 0 0.000000 100.000000
116 0 0.000000 100.000000
117 0 0.000000 100.000000
118 6 0.816725 0.200000
119 0 0.000000 100.000000
120 28 0.882078 0.000000
121 0 0.000000 100.000000
122 2 0.884549 2.200000
123 0 0.000000 100.000000
124 3 0.617971 23.000000
125 1 0.495667 51.400000
126 8 0.309649 98.400000
127 7 0.575181 25.000000
128 5 0.710297 4.400000
129 0 0.000000 100.000000
130 0 0.000000 100.000000
131 0 0.000000 100.000000
132 9 0.371217 90.800000
133 0 0.000000 100.000000
134 97 0.763465 0.000000
135 40 0.853392 0.000000
136 223 0.785170 0.000000
137 25 0.675949 0.000000
138 1 0.050260 94.800000
139 1 0.157712 83.000000
140 0 0.000000 100.000000
141 0 0.000000 100.000000
142 97 0.760786 0.000000
143 0 0.000000 100.000000
144 0 0.000000 100.000000
145 0 0.000000 100.000000
146 15 0.873061 0.000000
147 0 0.000000 100.000000
148 21 0.789433 0.000000
149 5 0.579756 25.800000
150 12 0.581125 17.200000
151 0 0.000000 100.000000
152 4 0.578833 30.000000
153 0 0.000000 100.000000
154 0 0.000000 100.000000
155 0 0.000000 100.000000
156 0 0.000000 100.000000
157 0 0.000000 100.000000
158 0 0.000000 100.000000
159 0 0.000000 100.000000
160 0 0.000000 100.000000
161 0 0.000000 100.000000
162 0 0.000000 100.000000
163 0 0.000000 100.000000
164 0 0.000000 100.000000
165 0 0.000000 100.000000
166 0 0.000000 100.000000
167 0 0.000000 100.000000
168 95 0.742923 0.000000
169 11 0.358826 95.400000
170 36 0.767118 0.000000
171 19 0.795782 0.000000
172 4 0.582753 28.200000
173 7 0.490868 55.800000
174 1 0.854419 16.800000
175 19 0.741267 0.000000
176 89 0.887939 0.000000
177 0 0.000000 100.000000
178 68 0.839014 0.000000
179 71 0.817540 0.000000
180 126 0.818531 0.000000
181 75 0.872260 0.000000
182 18 0.663095 0.600000
183 245 0.802954 0.000000
184 0 0.000000 100.000000
185 0 0.000000 100.000000
186 0 0.000000 100.000000
187 8 0.530921 40.000000
188 0 0.000000 100.000000
189 0 0.000000 100.000000
190 0 0.000000 100.000000
191 0 0.000000 100.000000
192 0 0.000000 100.000000
193 0 0.000000 100.000000
194 0 0.000000 100.000000
195 1 0.162912 84.000000
196 1 0.727903 28.800000
197 2 0.912326 1.400000
198 0 0.000000 100.000000
199 2 0.579861 37.800000
200 7 0.540655 34.600000
201 0 0.000000 100.000000
202 0 0.000000 100.000000
203 1 0.339688 62.400000
204 0 0.000000 100.000000
205 0 0.000000 100.000000
206 1 0.015598 97.800000
207 0 0.000000 100.000000
208 3 0.358841 80.000000
209 0 0.000000 100.000000
210 20 0.754391 0.000000
211 0 0.000000 100.000000
212 1 0.731369 28.000000
213 26 0.747701 0.000000
214 0 0.000000 100.000000
215 0 0.000000 100.000000
216 0 0.000000 100.000000
217 0 0.000000 100.000000
218 0 0.000000 100.000000
219 0 0.000000 100.000000
220 0 0.000000 100.000000
221 0 0.000000 100.000000
222 0 0.000000 100.000000
223 2 0.353299 74.000000
224 0 0.000000 100.000000
225 0 0.000000 100.000000
226 0 0.000000 100.000000
227 0 0.000000 100.000000
228 0 0.000000 100.000000
229 0 0.000000 100.000000
230 0 0.000000 100.000000
231 0 0.000000 100.000000
232 0 0.000000 100.000000
233 0 0.000000 100.000000
234 0 0.000000 100.000000
235 0 0.000000 100.000000
236 2 0.680556 24.200000
237 6 0.426573 72.400000
238 1 0.729636 29.600000
239 0 0.000000 100.000000
240 0 0.000000 100.000000
241 0 0.000000 100.000000
242 0 0.000000 100.000000
243 0 0.000000 100.000000
244 1 0.870017 14.400000
245 11 0.633798 7.000000
246 0 0.000000 100.000000
247 0 0.000000 100.000000
248 0 0.000000 100.000000
249 0 0.000000 100.000000
250 0 0.000000 100.000000
251 0 0.000000 100.000000
252 0 0.000000 100.000000
253 0 0.000000 100.000000
254 0 0.000000 100.000000
255 0 0.000000 100.000000
256 0 0.000000 100.000000
257 0 0.000000 100.000000
258 0 0.000000 100.000000
259 0 0.000000 100.000000
260 0 0.000000 100.000000
261 0 0.000000 100.000000
262 0 0.000000 100.000000
263 0 0.000000 100.000000
264 0 0.000000 100.000000
265 0 0.000000 100.000000
266 0 0.000000 100.000000
267 0 0.000000 100.000000
268 0 0.000000 100.000000
269 0 0.000000 100.000000
270 0 0.000000 100.000000
271 0 0.000000 100.000000
272 0 0.000000 100.000000
273 472 0.861868 0.000000
274 449 0.785570 0.000000
275 9 0.676430 5.000000
276 0 0.000000 100.000000
277 25 0.689042 0.200000
278 362 0.829535 0.000000
279 50 0.768977 0.000000
280 25 0.867703 0.000000
281 22 0.822024 0.000000
282 15 0.783896 0.000000
283 3 0.334493 83.600000
284 0 0.000000 100.000000
285 0 0.000000 100.000000
286 357 0.776012 0.000000
287 8 0.410746 79.000000
288 0 0.000000 100.000000
289 0 0.000000 100.000000
290 2 0.671875 21.800000
291 1 0.682842 32.000000
292 0 0.000000 100.000000
293 14 0.587639 15.200000
294 578 0.000000 100.000000
295 2 0.497396 52.400000
296 1 0.868284 12.600000
297 2 0.483507 53.600000
298 0 0.000000 100.000000
299 428 0.707913 0.000000
300 259 0.726885 0.000000
301 547 0.749130 0.000000
302 95 0.763387 0.000000
303 0 0.000000 100.000000
304 140 0.730594 0.000000
305 3 0.255652 90.400000
306 565 0.644112 3.000000
307 0 0.000000 100.000000
308 0 0.000000 100.000000
309 0 0.000000 100.000000
310 0 0.000000 100.000000
311 0 0.000000 100.000000
312 0 0.000000 100.000000
313 0 0.000000 100.000000
314 0 0.000000 100.000000
315 0 0.000000 100.000000
316 0 0.000000 100.000000
317 0 0.000000 100.000000
318 0 0.000000 100.000000
0 0 0.000000 0.000000
