0 348 0.785332 0.000000
1 411 0.823448 0.000000
2 218 0.815979 0.000000
3 86 0.814710 0.000000
4 135 0.834880 0.000000
5 7 0.669252 8.600000
6 0 0.000000 100.000000
7 12 0.416519 82.600000
8 20 0.568459 15.400000
9 1 0.266898 72.200000
10 0 0.000000 100.000000
11 150 0.833380 0.000000
12 49 0.727325 0.000000
13 109 0.840242 0.000000
14 39 0.811665 0.000000
15 62 0.719805 0.000000
16 11 0.375341 91.400000
17 178 0.816334 0.000000
18 5 0.541012 38.200000
19 3 0.257971 89.400000
20 11 0.522367 41.800000
21 0 0.000000 100.000000
22 197 0.800285 0.000000
23 30 0.789964 0.000000
24 36 0.824057 0.000000
25 115 0.818650 0.000000
26 1 0.577123 41.400000
27 23 0.777438 0.000000
28 1 0.642981 36.800000
29 9 0.365944 92.200000
30 0 0.000000 100.000000
31 2 0.547743 41.000000
32 23 0.788484 0.000000
33 0 0.000000 100.000000
34 4 0.261760 97.000000
35 0 0.000000 100.000000
36 10 0.429930 78.000000
37 3 0.423188 65.000000
38 2 0.510417 47.800000
39 33 0.794829 0.000000
40 23 0.738817 0.000000
41 0 0.000000 100.000000
42 0 0.000000 100.000000
43 1 0.421144 58.400000
44 0 0.000000 100.000000
45 0 0.000000 100.000000
46 0 0.000000 100.000000
47 1 0.698440 29.600000
48 89 0.811746 0.000000
49 0 0.000000 100.000000
50 0 0.000000 100.000000
51 6 0.413170 75.800000
52 0 0.000000 100.000000
53 0 0.000000 100.000000
54 5 0.449913 66.200000
55 27 0.757612 0.000000
56 5 0.614311 19.600000
57 1 0.388215 61.000000
58 1 0.296360 74.000000
59 0 0.000000 100.000000
60 0 0.000000 100.000000
61 0 0.000000 100.000000
62 34 0.703990 0.000000
63 0 0.000000 100.000000
64 7 0.630973 10.600000
65 7 0.469102 60.000000
66 0 0.000000 100.000000
67 3 0.482899 53.800000
68 0 0.000000 100.000000
69 1 0.277296 71.600000
70 0 0.000000 100.000000
71 5 0.411867 74.200000
72 0 0.000000 100.000000
73 10 0.726056 0.400000
74 1 0.677643 35.000000
75 5 0.384642 79.000000
76 0 0.000000 100.000000
77 1 0.331023 67.800000
78 0 0.000000 100.000000
79 0 0.000000 100.000000
80 0 0.000000 100.000000
81 0 0.000000 100.000000
82 0 0.000000 100.000000
83 96 0.724304 0.000000
84 71 0.716476 0.000000
85 99 0.886991 0.000000
86 0 0.000000 100.000000
87 360 0.775344 0.000000
88 0 0.000000 100.000000
89 5 0.494590 50.200000
90 0 0.000000 100.000000
91 0 0.000000 100.000000
92 0 0.000000 100.000000
93 0 0.000000 100.000000
94 0 0.000000 100.000000
95 0 0.000000 100.000000
96 0 0.000000 100.000000
97 62 0.848618 0.000000
98 0 0.000000 100.000000
99 15 0.494020 47.400000
100 47 0.877229 0.000000
101 80 0.838153 0.000000
102 1 0.759099 26.000000
103 0 0.000000 100.000000
104 0 0.000000 100.000000
105 0 0.000000 100.000000
106 0 0.000000 100.000000
107 1 0.745234 23.800000
108 3 0.611594 26.400000
109 3 0.336812 83.000000
110 0 0.000000 100.000000
111 127 0.812857 0.000000
112 58 0.860378 0.000000
113 0 0.000000 100.000000
114 2 0.343750 79.200000
115 0 0.000000 100.000000
116 0 0.000000 100.000000
117 0 0.000000 100.000000
118 4 0.534843 42.200000
119 0 0.000000 100.000000
120 27 0.815151 0.000000
121 0 0.000000 100.000000
122 3 0.471884 55.800000
123 0 0.000000 100.000000
124 2 0.565972 36.600000
125 1 0.506066 47.800000
126 11 0.293410 98.800000
127 2 0.386285 72.800000
128 1 0.544194 47.400000
129 0 0.000000 100.000000
130 0 0.000000 100.000000
131 0 0.000000 100.000000
132 7 0.516387 44.000000
133 3 0.272464 87.400000
134 113 0.841012 0.000000
135 41 0.891629 0.000000
136 243 0.829003 0.000000
137 28 0.744805 0.000000
138 0 0.000000 100.000000
139 1 0.519931 47.600000
140 0 0.000000 100.000000
141 0 0.000000 100.000000
142 68 0.789994 0.000000
143 0 0.000000 100.000000
144 0 0.000000 100.000000
145 0 0.000000 100.000000
146 17 0.728950 0.200000
147 0 0.000000 100.000000
148 18 0.744048 0.000000
149 6 0.585373 22.200000
150 5 0.441885 66.400000
151 0 0.000000 100.000000
152 3 0.723478 10.600000
153 0 0.000000 100.000000
154 0 0.000000 100.000000
155 0 0.000000 100.000000
156 0 0.000000 100.000000
157 0 0.000000 100.000000
158 0 0.000000 100.000000
159 0 0.000000 100.000000
160 0 0.000000 100.000000
161 0 0.000000 100.000000
162 0 0.000000 100.000000
163 0 0.000000 100.000000
164 0 0.000000 100.000000
165 0 0.000000 100.000000
166 0 0.000000 100.000000
167 0 0.000000 100.000000
168 99 0.786719 0.000000
169 9 0.448545 70.600000
170 52 0.781405 0.000000
171 30 0.863260 0.000000
172 2 0.356771 75.800000
173 4 0.348868 80.800000
174 0 0.000000 100.000000
175 14 0.717579 0.200000
176 101 0.855616 0.000000
177 0 0.000000 100.000000
178 69 0.788104 0.000000
179 77 0.855458 0.000000
180 132 0.815651 0.000000
181 76 0.876913 0.000000
182 17 0.782112 0.000000
183 259 0.843998 0.000000
184 0 0.000000 100.000000
185 0 0.000000 100.000000
186 0 0.000000 100.000000
187 11 0.593875 14.200000
188 0 0.000000 100.000000
189 0 0.000000 100.000000
190 0 0.000000 100.000000
191 0 0.000000 100.000000
192 0 0.000000 100.000000
193 0 0.000000 100.000000
194 0 0.000000 100.000000
195 1 0.916811 9.400000
196 2 0.614583 30.600000
197 1 0.504333 48.000000
198 0 0.000000 100.000000
199 3 0.438841 62.000000
200 0 0.000000 100.000000
201 0 0.000000 100.000000
202 0 0.000000 100.000000
203 1 0.509532 49.400000
204 0 0.000000 100.000000
205 0 0.000000 100.000000
206 0 0.000000 100.000000
207 0 0.000000 100.000000
208 3 0.419710 70.200000
209 0 0.000000 100.000000
210 13 0.815112 0.000000
211 0 0.000000 100.000000
212 0 0.000000 100.000000
213 17 0.786306 0.000000
214 0 0.000000 100.000000
215 0 0.000000 100.000000
216 0 0.000000 100.000000
217 0 0.000000 100.000000
218 0 0.000000 100.000000
219 0 0.000000 100.000000
220 0 0.000000 100.000000
221 0 0.000000 100.000000
222 0 0.000000 100.000000
223 2 0.453993 59.800000
224 0 0.000000 100.000000
225 0 0.000000 100.000000
226 0 0.000000 100.000000
227 0 0.000000 100.000000
228 0 0.000000 100.000000
229 0 0.000000 100.000000
230 1 0.646447 33.600000
231 0 0.000000 100.000000
232 0 0.000000 100.000000
233 0 0.000000 100.000000
234 1 0.495667 51.400000
235 0 0.000000 100.000000
236 4 0.616289 20.200000
237 4 0.897213 0.200000
238 2 0.649306 23.400000
239 0 0.000000 100.000000
240 0 0.000000 100.000000
241 0 0.000000 100.000000
242 0 0.000000 100.000000
243 0 0.000000 100.000000
244 3 0.524638 44.600000
245 15 0.808171 0.000000
246 0 0.000000 100.000000
247 0 0.000000 100.000000
248 0 0.000000 100.000000
249 0 0.000000 100.000000
250 0 0.000000 100.000000
251 0 0.000000 100.000000
252 0 0.000000 100.000000
253 0 0.000000 100.000000
254 0 0.000000 100.000000
255 0 0.000000 100.000000
256 0 0.000000 100.000000
257 0 0.000000 100.000000
258 0 0.000000 100.000000
259 0 0.000000 100.000000
260 0 0.000000 100.000000
261 0 0.000000 100.000000
262 0 0.000000 100.000000
263 0 0.000000 100.000000
264 0 0.000000 100.000000
265 0 0.000000 100.000000
266 0 0.000000 100.000000
267 0 0.000000 100.000000
268 0 0.000000 100.000000
269 0 0.000000 100.000000
270 0 0.000000 100.000000
271 0 0.000000 100.000000
272 0 0.000000 100.000000
273 486 0.914117 0.000000
274 463 0.803362 0.000000
275 12 0.523852 40.600000
276 0 0.000000 100.000000
277 21 0.549799 22.600000
278 366 0.785210 0.000000
279 43 0.809476 0.000000
280 25 0.722749 0.000000
281 18 0.758333 0.000000
282 10 0.747007 0.000000
283 7 0.513135 44.800000
284 0 0.000000 100.000000
285 0 0.000000 100.000000
286 355 0.794265 0.000000
287 7 0.563423 25.600000
288 0 0.000000 100.000000
289 0 0.000000 100.000000
290 5 0.475742 54.800000
291 0 0.000000 100.000000
292 0 0.000000 100.000000
293 15 0.431143 81.200000
294 578 0.000000 100.000000
295 6 0.276807 96.400000
296 5 0.339616 88.200000
297 5 0.380105 83.600000
298 0 0.000000 100.000000
299 402 0.755851 0.000000
300 251 0.749686 0.000000
301 556 0.830281 0.000000
302 89 0.828014 0.000000
303 0 0.000000 100.000000
304 114 0.721869 0.000000
305 2 0.310764 79.200000
306 567 0.749238 0.000000
307 0 0.000000 100.000000
308 0 0.000000 100.000000
309 0 0.000000 100.000000
310 0 0.000000 100.000000
311 0 0.000000 100.000000
312 0 0.000000 100.000000
313 0 0.000000 100.000000
314 0 0.000000 100.000000
315 0 0.000000 100.000000
316 0 0.000000 100.000000
317 0 0.000000 100.000000
318 0 0.000000 100.000000
0 0 0.000000 0.000000
