0 388 0.782976 0.000000
1 414 0.792197 0.000000
2 257 0.806975 0.000000
3 92 0.858137 0.000000
4 132 0.828917 0.000000
5 7 0.612960 14.000000
6 0 0.000000 100.000000
7 8 0.505702 44.400000
8 16 0.409141 88.200000
9 1 0.355286 64.000000
10 0 0.000000 100.000000
11 154 0.788149 0.000000
12 43 0.746490 0.000000
13 118 0.794713 0.000000
14 40 0.790799 0.000000
15 68 0.688178 0.000000
16 15 0.531202 34.200000
17 149 0.811830 0.000000
18 8 0.696491 3.000000
19 3 0.854493 2.400000
20 4 0.859756 0.800000
21 0 0.000000 100.000000
22 172 0.773514 0.000000
23 19 0.682045 0.000000
24 29 0.762641 0.000000
25 104 0.795541 0.000000
26 4 0.434233 65.800000
27 14 0.848024 0.000000
28 7 0.757568 0.400000
29 7 0.593445 22.200000
30 0 0.000000 100.000000
31 3 0.291594 87.200000
32 11 0.798621 0.000000
33 0 0.000000 100.000000
34 6 0.556818 38.600000
35 0 0.000000 100.000000
36 10 0.463556 65.200000
37 3 0.870145 0.800000
38 1 0.748700 27.000000
39 19 0.884757 0.000000
40 18 0.728075 0.200000
41 0 0.000000 100.000000
42 1 0.180243 78.800000
43 1 0.662045 35.200000
44 0 0.000000 100.000000
45 0 0.000000 100.000000
46 0 0.000000 100.000000
47 4 0.630226 22.200000
48 114 0.798680 0.000000
49 0 0.000000 100.000000
50 0 0.000000 100.000000
51 4 0.382840 77.800000
52 0 0.000000 100.000000
53 1 0.270364 74.400000
54 3 0.396522 69.200000
55 34 0.810175 0.000000
56 2 0.376736 73.800000
57 1 0.306759 69.400000
58 0 0.000000 100.000000
59 0 0.000000 100.000000
60 0 0.000000 100.000000
61 1 0.488735 52.400000
62 38 0.779045 0.000000
63 2 0.138889 95.400000
64 11 0.481962 58.200000
65 13 0.679238 1.800000
66 0 0.000000 100.000000
67 4 0.658537 13.400000
68 0 0.000000 100.000000
69 1 0.246101 76.200000
70 0 0.000000 100.000000
71 14 0.302052 99.200000
72 1 0.386482 60.400000
73 17 0.468806 66.400000
74 0 0.000000 100.000000
75 8 0.380263 87.800000
76 0 0.000000 100.000000
77 0 0.000000 100.000000
78 0 0.000000 100.000000
79 0 0.000000 100.000000
80 0 0.000000 100.000000
81 0 0.000000 100.000000
82 0 0.000000 100.000000
83 97 0.790750 0.000000
84 91 0.762078 0.000000
85 105 0.909312 0.000000
86 0 0.000000 100.000000
87 382 0.806069 0.000000
88 0 0.000000 100.000000
89 3 0.559420 35.200000
90 0 0.000000 100.000000
91 0 0.000000 100.000000
92 0 0.000000 100.000000
93 0 0.000000 100.000000
94 0 0.000000 100.000000
95 0 0.000000 100.000000
96 0 0.000000 100.000000
97 73 0.780062 0.000000
98 0 0.000000 100.000000
99 13 0.717359 0.000000
100 62 0.792854 0.000000
101 65 0.846484 0.000000
102 3 0.714783 12.000000
103 0 0.000000 100.000000
104 0 0.000000 100.000000
105 0 0.000000 100.000000
106 0 0.000000 100.000000
107 0 0.000000 100.000000
108 9 0.389377 90.000000
109 0 0.000000 100.000000
110 1 0.975737 3.400000
111 116 0.755019 0.000000
112 50 0.884394 0.000000
113 0 0.000000 100.000000
114 5 0.558813 32.400000
115 0 0.000000 100.000000
116 0 0.000000 100.000000
117 0 0.000000 100.000000
118 6 0.752040 1.800000
119 3 0.564058 38.200000
120 25 0.712043 0.000000
121 0 0.000000 100.000000
122 3 0.894493 0.600000
123 0 0.000000 100.000000
124 1 0.987868 1.000000
125 0 0.000000 100.000000
126 6 0.407051 76.800000
127 7 0.599199 21.400000
128 4 0.614547 21.200000
129 0 0.000000 100.000000
130 0 0.000000 100.000000
131 0 0.000000 100.000000
132 13 0.533969 30.800000
133 2 0.600694 29.800000
134 115 0.731524 0.000000
135 41 0.812599 0.000000
136 242 0.810975 0.000000
137 31 0.710562 0.000000
138 3 0.614493 28.200000
139 3 0.064928 100.000000
140 0 0.000000 100.000000
141 0 0.000000 100.000000
142 79 0.721367 0.000000
143 0 0.000000 100.000000
144 0 0.000000 100.000000
145 0 0.000000 100.000000
146 19 0.763958 0.000000
147 0 0.000000 100.000000
148 14 0.660588 3.600000
149 6 0.642483 12.400000
150 6 0.548368 33.800000
151 0 0.000000 100.000000
152 3 0.740290 6.800000
153 0 0.000000 100.000000
154 0 0.000000 100.000000
155 0 0.000000 100.000000
156 0 0.000000 100.000000
157 0 0.000000 100.000000
158 0 0.000000 100.000000
159 0 0.000000 100.000000
160 0 0.000000 100.000000
161 0 0.000000 100.000000
162 0 0.000000 100.000000
163 0 0.000000 100.000000
164 0 0.000000 100.000000
165 0 0.000000 100.000000
166 0 0.000000 100.000000
167 0 0.000000 100.000000
168 98 0.767730 0.000000
169 7 0.467351 61.200000
170 51 0.809279 0.000000
171 21 0.810293 0.000000
172 4 0.154181 99.400000
173 1 0.012132 98.600000
174 1 0.781629 24.400000
175 20 0.868369 0.000000
176 87 0.857176 0.000000
177 0 0.000000 100.000000
178 80 0.851180 0.000000
179 80 0.772917 0.000000
180 124 0.820769 0.000000
181 63 0.883773 0.000000
182 20 0.670699 0.600000
183 255 0.801336 0.000000
184 0 0.000000 100.000000
185 0 0.000000 100.000000
186 0 0.000000 100.000000
187 12 0.533127 32.800000
188 0 0.000000 100.000000
189 0 0.000000 100.000000
190 0 0.000000 100.000000
191 0 0.000000 100.000000
192 0 0.000000 100.000000
193 0 0.000000 100.000000
194 0 0.000000 100.000000
195 4 0.490854 52.400000
196 0 0.000000 100.000000
197 3 0.378551 71.400000
198 0 0.000000 100.000000
199 0 0.000000 100.000000
200 3 0.423188 65.200000
201 0 0.000000 100.000000
202 0 0.000000 100.000000
203 1 0.050260 94.800000
204 0 0.000000 100.000000
205 0 0.000000 100.000000
206 0 0.000000 100.000000
207 0 0.000000 100.000000
208 5 0.386387 81.000000
209 1 0.604853 39.000000
210 19 0.745033 0.000000
211 0 0.000000 100.000000
212 0 0.000000 100.000000
213 27 0.762452 0.000000
214 0 0.000000 100.000000
215 0 0.000000 100.000000
216 0 0.000000 100.000000
217 0 0.000000 100.000000
218 0 0.000000 100.000000
219 0 0.000000 100.000000
220 0 0.000000 100.000000
221 0 0.000000 100.000000
222 0 0.000000 100.000000
223 1 0.748700 28.800000
224 0 0.000000 100.000000
225 1 0.545927 43.000000
226 0 0.000000 100.000000
227 0 0.000000 100.000000
228 0 0.000000 100.000000
229 0 0.000000 100.000000
230 0 0.000000 100.000000
231 0 0.000000 100.000000
232 0 0.000000 100.000000
233 0 0.000000 100.000000
234 0 0.000000 100.000000
235 0 0.000000 100.000000
236 1 0.766031 23.800000
237 4 0.753049 5.000000
238 2 0.808160 6.800000
239 0 0.000000 100.000000
240 0 0.000000 100.000000
241 0 0.000000 100.000000
242 0 0.000000 100.000000
243 0 0.000000 100.000000
244 1 0.299827 68.600000
245 8 0.739254 1.400000
246 0 0.000000 100.000000
247 0 0.000000 100.000000
248 0 0.000000 100.000000
249 0 0.000000 100.000000
250 0 0.000000 100.000000
251 0 0.000000 100.000000
252 0 0.000000 100.000000
253 0 0.000000 100.000000
254 0 0.000000 100.000000
255 0 0.000000 100.000000
256 0 0.000000 100.000000
257 0 0.000000 100.000000
258 0 0.000000 100.000000
259 0 0.000000 100.000000
260 0 0.000000 100.000000
261 1 0.691508 28.800000
262 0 0.000000 100.000000
263 0 0.000000 100.000000
264 0 0.000000 100.000000
265 0 0.000000 100.000000
266 0 0.000000 100.000000
267 0 0.000000 100.000000
268 0 0.000000 100.000000
269 0 0.000000 100.000000
270 0 0.000000 100.000000
271 0 0.000000 100.000000
272 0 0.000000 100.000000
273 456 0.883736 0.000000
274 454 0.780073 0.000000
275 15 0.567318 18.200000
276 0 0.000000 100.000000
277 28 0.713831 0.000000
278 352 0.755644 0.000000
279 45 0.776319 0.000000
280 21 0.809780 0.000000
281 14 0.886525 0.000000
282 9 0.938098 0.000000
283 4 0.387195 74.800000
284 0 0.000000 100.000000
285 0 0.000000 100.000000
286 352 0.763865 0.000000
287 10 0.402289 86.600000
288 0 0.000000 100.000000
289 0 0.000000 100.000000
290 1 0.802426 20.200000
291 0 0.000000 100.000000
292 0 0.000000 100.000000
293 9 0.554579 31.800000
294 578 0.000000 100.000000
295 7 0.531899 39.800000
296 6 0.560606 32.200000
297 7 0.598949 19.000000
298 0 0.000000 100.000000
299 428 0.762648 0.000000
300 251 0.726306 0.000000
301 548 0.699088 0.000000
302 100 0.807573 0.000000
303 0 0.000000 100.000000
304 155 0.723099 0.000000
305 2 0.249132 86.000000
306 570 0.754825 0.200000
307 0 0.000000 100.000000
308 0 0.000000 100.000000
309 0 0.000000 100.000000
310 0 0.000000 100.000000
311 0 0.000000 100.000000
312 0 0.000000 100.000000
313 0 0.000000 100.000000
314 0 0.000000 100.000000
315 0 0.000000 100.000000
316 0 0.000000 100.000000
317 0 0.000000 100.000000
318 0 0.000000 100.000000
0 0 0.000000 0.000000
