0 368 0.750569 0.000000
1 399 0.797581 0.000000
2 236 0.805171 0.000000
3 87 0.835007 0.000000
4 127 0.830159 0.000000
5 7 0.458844 63.200000
6 0 0.000000 100.000000
7 12 0.444788 74.200000
8 11 0.769440 0.200000
9 0 0.000000 100.000000
10 0 0.000000 100.000000
11 171 0.816199 0.000000
12 57 0.691450 0.000000
13 122 0.798407 0.000000
14 46 0.837406 0.000000
15 58 0.744098 0.000000
16 15 0.362345 96.200000
17 141 0.764010 0.000000
18 5 0.651658 18.000000
19 5 0.388831 80.800000
20 7 0.539655 39.800000
21 0 0.000000 100.000000
22 177 0.790200 0.000000
23 27 0.859044 0.000000
24 28 0.743701 0.000000
25 103 0.816740 0.000000
26 1 0.168111 83.000000
27 17 0.835483 0.000000
28 1 0.707106 28.600000
29 7 0.558919 29.800000
30 0 0.000000 100.000000
31 6 0.533217 35.400000
32 12 0.634423 7.000000
33 0 0.000000 100.000000
34 3 0.487536 51.000000
35 0 0.000000 100.000000
36 12 0.480713 58.800000
37 5 0.319372 90.600000
38 2 0.596354 34.600000
39 36 0.721453 0.000000
40 38 0.693616 0.000000
41 0 0.000000 100.000000
42 0 0.000000 100.000000
43 0 0.000000 100.000000
44 0 0.000000 100.000000
45 0 0.000000 100.000000
46 0 0.000000 100.000000
47 1 0.145581 86.600000
48 93 0.818069 0.000000
49 0 0.000000 100.000000
50 0 0.000000 100.000000
51 4 0.478659 51.000000
52 0 0.000000 100.000000
53 0 0.000000 100.000000
54 4 0.450784 62.200000
55 41 0.467184 74.000000
56 7 0.699775 4.400000
57 0 0.000000 100.000000
58 0 0.000000 100.000000
59 0 0.000000 100.000000
60 0 0.000000 100.000000
61 1 0.811092 20.000000
62 51 0.769840 0.000000
63 0 0.000000 100.000000
64 13 0.366236 95.400000
65 13 0.325664 97.400000
66 0 0.000000 100.000000
67 1 0.287695 69.400000
68 0 0.000000 100.000000
69 0 0.000000 100.000000
70 0 0.000000 100.000000
71 9 0.414567 80.000000
72 1 0.615251 35.000000
73 14 0.315223 99.600000
74 0 0.000000 100.000000
75 5 0.746597 2.800000
76 0 0.000000 100.000000
77 2 0.225694 90.600000
78 0 0.000000 100.000000
79 0 0.000000 100.000000
80 0 0.000000 100.000000
81 0 0.000000 100.000000
82 0 0.000000 100.000000
83 104 0.762719 0.000000
84 74 0.678545 0.000000
85 103 0.889709 0.000000
86 0 0.000000 100.000000
87 364 0.792069 0.000000
88 0 0.000000 100.000000
89 2 0.391493 68.800000
90 1 0.355286 65.600000
91 0 0.000000 100.000000
92 0 0.000000 100.000000
93 0 0.000000 100.000000
94 0 0.000000 100.000000
95 0 0.000000 100.000000
96 0 0.000000 100.000000
97 80 0.839483 0.000000
98 1 0.001733 99.800000
99 13 0.477876 60.600000
100 67 0.858311 0.000000
101 73 0.843591 0.000000
102 4 0.472997 55.600000
103 0 0.000000 100.000000
104 0 0.000000 100.000000
105 0 0.000000 100.000000
106 0 0.000000 100.000000
107 0 0.000000 100.000000
108 9 0.495021 50.600000
109 5 0.418150 74.800000
110 0 0.000000 100.000000
111 125 0.796556 0.000000
112 55 0.843108 0.000000
113 0 0.000000 100.000000
114 4 0.520470 45.000000
115 0 0.000000 100.000000
116 1 0.951473 4.800000
117 0 0.000000 100.000000
118 4 0.602352 26.800000
119 1 0.441941 56.200000
120 24 0.785951 0.000000
121 0 0.000000 100.000000
122 2 0.482639 54.600000
123 0 0.000000 100.000000
124 5 0.565096 29.400000
125 0 0.000000 100.000000
126 6 0.359266 86.600000
127 7 0.569427 27.200000
128 6 0.568182 27.400000
129 0 0.000000 100.000000
130 0 0.000000 100.000000
131 1 0.008666 99.200000
132 5 0.643979 14.400000
133 2 0.462674 58.800000
134 98 0.729826 0.000000
135 43 0.861726 0.000000
136 234 0.811842 0.000000
137 21 0.713431 0.000000
138 2 0.113715 97.800000
139 0 0.000000 100.000000
140 0 0.000000 100.000000
141 0 0.000000 100.000000
142 72 0.802454 0.000000
143 0 0.000000 100.000000
144 0 0.000000 100.000000
145 0 0.000000 100.000000
146 11 0.312169 98.800000
147 0 0.000000 100.000000
148 23 0.744536 0.000000
149 8 0.582895 24.600000
150 11 0.539843 35.000000
151 0 0.000000 100.000000
152 4 0.544425 36.400000
153 0 0.000000 100.000000
154 0 0.000000 100.000000
155 0 0.000000 100.000000
156 0 0.000000 100.000000
157 0 0.000000 100.000000
158 0 0.000000 100.000000
159 0 0.000000 100.000000
160 0 0.000000 100.000000
161 0 0.000000 100.000000
162 0 0.000000 100.000000
163 0 0.000000 100.000000
164 0 0.000000 100.000000
165 0 0.000000 100.000000
166 0 0.000000 100.000000
167 0 0.000000 100.000000
168 111 0.751432 0.000000
169 13 0.565691 19.400000
170 47 0.791642 0.000000
171 17 0.614554 3.600000
172 4 0.735627 5.800000
173 3 0.483478 55.800000
174 2 0.939236 1.000000
175 17 0.806858 0.000000
176 91 0.853555 0.000000
177 0 0.000000 100.000000
178 70 0.773763 0.000000
179 71 0.820902 0.000000
180 133 0.767019 0.000000
181 82 0.867526 0.000000
182 18 0.728869 0.000000
183 257 0.767301 0.000000
184 0 0.000000 100.000000
185 0 0.000000 100.000000
186 0 0.000000 100.000000
187 12 0.610866 11.600000
188 0 0.000000 100.000000
189 0 0.000000 100.000000
190 0 0.000000 100.000000
191 0 0.000000 100.000000
192 0 0.000000 100.000000
193 0 0.000000 100.000000
194 0 0.000000 100.000000
195 0 0.000000 100.000000
196 0 0.000000 100.000000
197 1 0.363951 65.400000
198 0 0.000000 100.000000
199 2 0.553819 42.400000
200 4 0.387631 76.200000
201 0 0.000000 100.000000
202 0 0.000000 100.000000
203 0 0.000000 100.000000
204 0 0.000000 100.000000
205 0 0.000000 100.000000
206 1 0.187175 81.000000
207 0 0.000000 100.000000
208 5 0.383246 81.200000
209 1 0.298094 68.800000
210 19 0.744563 0.000000
211 1 0.620451 38.800000
212 0 0.000000 100.000000
213 26 0.716695 0.000000
214 0 0.000000 100.000000
215 0 0.000000 100.000000
216 0 0.000000 100.000000
217 0 0.000000 100.000000
218 0 0.000000 100.000000
219 0 0.000000 100.000000
220 0 0.000000 100.000000
221 0 0.000000 100.000000
222 0 0.000000 100.000000
223 2 0.773438 10.600000
224 0 0.000000 100.000000
225 1 0.918544 8.400000
226 0 0.000000 100.000000
227 0 0.000000 100.000000
228 0 0.000000 100.000000
229 0 0.000000 100.000000
230 0 0.000000 100.000000
231 0 0.000000 100.000000
232 0 0.000000 100.000000
233 0 0.000000 100.000000
234 0 0.000000 100.000000
235 0 0.000000 100.000000
236 1 0.740035 25.400000
237 2 0.741319 13.000000
238 0 0.000000 100.000000
239 0 0.000000 100.000000
240 0 0.000000 100.000000
241 0 0.000000 100.000000
242 0 0.000000 100.000000
243 0 0.000000 100.000000
244 1 0.625650 34.200000
245 5 0.830716 1.000000
246 0 0.000000 100.000000
247 0 0.000000 100.000000
248 0 0.000000 100.000000
249 0 0.000000 100.000000
250 0 0.000000 100.000000
251 0 0.000000 100.000000
252 0 0.000000 100.000000
253 0 0.000000 100.000000
254 0 0.000000 100.000000
255 0 0.000000 100.000000
256 0 0.000000 100.000000
257 0 0.000000 100.000000
258 0 0.000000 100.000000
259 0 0.000000 100.000000
260 0 0.000000 100.000000
261 0 0.000000 100.000000
262 0 0.000000 100.000000
263 0 0.000000 100.000000
264 1 0.585789 37.400000
265 0 0.000000 100.000000
266 0 0.000000 100.000000
267 0 0.000000 100.000000
268 0 0.000000 100.000000
269 0 0.000000 100.000000
270 0 0.000000 100.000000
271 0 0.000000 100.000000
272 0 0.000000 100.000000
273 473 0.850216 0.000000
274 446 0.765542 0.000000
275 11 0.517717 40.200000
276 0 0.000000 100.000000
277 32 0.728537 0.000000
278 355 0.777136 0.000000
279 58 0.865119 0.000000
280 27 0.787390 0.000000
281 28 0.791104 0.000000
282 13 0.895848 0.000000
283 10 0.357570 95.800000
284 0 0.000000 100.000000
285 0 0.000000 100.000000
286 354 0.751097 0.000000
287 4 0.716463 5.600000
288 0 0.000000 100.000000
289 0 0.000000 100.000000
290 1 0.658579 33.400000
291 0 0.000000 100.000000
292 0 0.000000 100.000000
293 7 0.683513 4.800000
294 577 0.883882 13.000000
295 6 0.323718 93.200000
296 5 0.402443 77.800000
297 5 0.403839 77.800000
298 0 0.000000 100.000000
299 425 0.773995 0.000000
300 257 0.749336 0.000000
301 548 0.806509 0.000000
302 93 0.766633 0.000000
303 0 0.000000 100.000000
304 126 0.734127 0.000000
305 1 0.279029 70.800000
306 567 0.598525 11.600000
307 0 0.000000 100.000000
308 0 0.000000 100.000000
309 0 0.000000 100.000000
310 0 0.000000 100.000000
311 0 0.000000 100.000000
312 0 0.000000 100.000000
313 0 0.000000 100.000000
314 0 0.000000 100.000000
315 0 0.000000 100.000000
316 0 0.000000 100.000000
317 0 0.000000 100.000000
318 0 0.000000 100.000000
0 0 0.000000 0.000000
