0 358 0.770213 0.000000
1 379 0.774347 0.000000
2 220 0.816633 0.000000
3 75 0.786243 0.000000
4 118 0.803721 0.000000
5 9 0.536223 35.000000
6 0 0.000000 100.000000
7 13 0.383799 92.000000
8 13 0.390061 93.000000
9 1 0.086655 90.400000
10 0 0.000000 100.000000
11 153 0.786559 0.000000
12 47 0.693593 0.000000
13 104 0.797286 0.000000
14 45 0.793037 0.000000
15 58 0.708488 0.000000
16 16 0.583852 12.600000
17 169 0.746980 0.000000
18 4 0.552265 37.200000
19 7 0.502877 49.800000
20 4 0.792683 2.400000
21 0 0.000000 100.000000
22 173 0.829687 0.000000
23 24 0.802422 0.000000
24 34 0.824665 0.000000
25 102 0.850058 0.000000
26 2 0.643229 24.800000
27 16 0.789035 0.000000
28 2 0.535590 44.000000
29 3 0.495072 53.600000
30 0 0.000000 100.000000
31 3 0.502029 48.000000
32 16 0.715191 0.000000
33 0 0.000000 100.000000
34 4 0.746516 6.000000
35 3 0.753043 7.400000
36 12 0.485866 53.400000
37 7 0.585439 21.600000
38 1 0.109185 88.600000
39 33 0.860884 0.000000
40 28 0.705519 0.000000
41 0 0.000000 100.000000
42 0 0.000000 100.000000
43 1 0.435009 56.800000
44 0 0.000000 100.000000
45 0 0.000000 100.000000
46 0 0.000000 100.000000
47 2 0.346354 75.600000
48 84 0.781063 0.000000
49 0 0.000000 100.000000
50 0 0.000000 100.000000
51 6 0.629953 15.400000
52 0 0.000000 100.000000
53 0 0.000000 100.000000
54 3 0.410435 69.600000
55 25 0.794864 0.000000
56 3 0.596522 27.800000
57 0 0.000000 100.000000
58 1 0.766031 24.400000
59 0 0.000000 100.000000
60 0 0.000000 100.000000
61 2 0.437500 63.400000
62 33 0.743119 0.000000
63 0 0.000000 100.000000
64 14 0.360056 95.800000
65 14 0.515071 45.400000
66 0 0.000000 100.000000
67 0 0.000000 100.000000
68 0 0.000000 100.000000
69 1 0.168111 84.600000
70 0 0.000000 100.000000
71 10 0.498944 51.600000
72 1 0.331023 66.400000
73 14 0.298886 99.200000
74 0 0.000000 100.000000
75 3 0.659710 16.000000
76 0 0.000000 100.000000
77 1 0.135182 86.200000
78 0 0.000000 100.000000
79 0 0.000000 100.000000
80 0 0.000000 100.000000
81 0 0.000000 100.000000
82 0 0.000000 100.000000
83 95 0.740787 0.000000
84 70 0.723144 0.000000
85 104 0.860191 0.000000
86 0 0.000000 100.000000
87 372 0.779296 0.000000
88 0 0.000000 100.000000
89 2 0.673611 22.800000
90 0 0.000000 100.000000
91 0 0.000000 100.000000
92 0 0.000000 100.000000
93 0 0.000000 100.000000
94 0 0.000000 100.000000
95 0 0.000000 100.000000
96 0 0.000000 100.000000
97 50 0.784621 0.000000
98 0 0.000000 100.000000
99 9 0.443663 72.200000
100 41 0.778716 0.000000
101 65 0.756095 0.000000
102 3 0.808696 4.000000
103 0 0.000000 100.000000
104 0 0.000000 100.000000
105 0 0.000000 100.000000
106 0 0.000000 100.000000
107 0 0.000000 100.000000
108 9 0.633665 7.600000
109 3 0.382029 76.600000
110 0 0.000000 100.000000
111 132 0.796508 0.000000
112 62 0.835896 0.000000
113 0 0.000000 100.000000
114 7 0.349512 90.600000
115 0 0.000000 100.000000
116 0 0.000000 100.000000
117 0 0.000000 100.000000
118 1 0.954939 5.200000
119 0 0.000000 100.000000
120 28 0.755260 0.000000
121 0 0.000000 100.000000
122 0 0.000000 100.000000
123 0 0.000000 100.000000
124 5 0.807330 0.600000
125 1 0.162912 81.600000
126 6 0.161713 100.000000
127 1 0.720971 27.800000
128 2 0.734375 12.200000
129 0 0.000000 100.000000
130 0 0.000000 100.000000
131 0 0.000000 100.000000
132 7 0.481611 61.200000
133 2 0.493924 50.400000
134 95 0.757677 0.000000
135 35 0.860931 0.000000
136 212 0.809581 0.000000
137 21 0.796102 0.000000
138 0 0.000000 100.000000
139 0 0.000000 100.000000
140 0 0.000000 100.000000
141 0 0.000000 100.000000
142 71 0.756091 0.000000
143 0 0.000000 100.000000
144 0 0.000000 100.000000
145 0 0.000000 100.000000
146 14 0.711246 0.600000
147 0 0.000000 100.000000
148 16 0.678826 0.800000
149 11 0.722302 0.800000
150 8 0.611842 15.000000
151 0 0.000000 100.000000
152 3 0.747826 6.600000
153 0 0.000000 100.000000
154 0 0.000000 100.000000
155 0 0.000000 100.000000
156 0 0.000000 100.000000
157 0 0.000000 100.000000
158 0 0.000000 100.000000
159 0 0.000000 100.000000
160 0 0.000000 100.000000
161 0 0.000000 100.000000
162 0 0.000000 100.000000
163 0 0.000000 100.000000
164 0 0.000000 100.000000
165 0 0.000000 100.000000
166 0 0.000000 100.000000
167 0 0.000000 100.000000
168 96 0.765150 0.000000
169 11 0.509861 44.800000
170 49 0.835809 0.000000
171 22 0.742642 0.000000
172 4 0.512195 47.200000
173 4 0.580575 27.000000
174 1 0.766031 23.000000
175 22 0.743051 0.000000
176 101 0.847043 0.000000
177 0 0.000000 100.000000
178 78 0.774564 0.000000
179 61 0.821511 0.000000
180 124 0.751297 0.000000
181 81 0.849914 0.000000
182 19 0.668393 0.200000
183 263 0.771344 0.000000
184 0 0.000000 100.000000
185 0 0.000000 100.000000
186 0 0.000000 100.000000
187 4 0.701655 8.200000
188 0 0.000000 100.000000
189 0 0.000000 100.000000
190 0 0.000000 100.000000
191 0 0.000000 100.000000
192 0 0.000000 100.000000
193 0 0.000000 100.000000
194 0 0.000000 100.000000
195 1 0.648180 35.800000
196 0 0.000000 100.000000
197 3 0.699130 12.800000
198 0 0.000000 100.000000
199 4 0.419425 73.200000
200 3 0.580870 33.600000
201 0 0.000000 100.000000
202 0 0.000000 100.000000
203 2 0.058160 99.400000
204 0 0.000000 100.000000
205 0 0.000000 100.000000
206 0 0.000000 100.000000
207 0 0.000000 100.000000
208 3 0.318261 85.400000
209 3 0.546667 37.200000
210 18 0.685813 0.600000
211 0 0.000000 100.000000
212 0 0.000000 100.000000
213 28 0.693766 0.200000
214 0 0.000000 100.000000
215 0 0.000000 100.000000
216 0 0.000000 100.000000
217 0 0.000000 100.000000
218 0 0.000000 100.000000
219 0 0.000000 100.000000
220 0 0.000000 100.000000
221 0 0.000000 100.000000
222 0 0.000000 100.000000
223 4 0.393293 74.800000
224 0 0.000000 100.000000
225 1 0.873484 11.600000
226 0 0.000000 100.000000
227 0 0.000000 100.000000
228 0 0.000000 100.000000
229 0 0.000000 100.000000
230 0 0.000000 100.000000
231 0 0.000000 100.000000
232 0 0.000000 100.000000
233 0 0.000000 100.000000
234 0 0.000000 100.000000
235 0 0.000000 100.000000
236 1 0.355286 66.800000
237 3 0.647536 16.600000
238 2 0.822049 6.200000
239 0 0.000000 100.000000
240 0 0.000000 100.000000
241 0 0.000000 100.000000
242 0 0.000000 100.000000
243 0 0.000000 100.000000
244 1 0.896014 10.400000
245 12 0.727473 0.400000
246 0 0.000000 100.000000
247 0 0.000000 100.000000
248 0 0.000000 100.000000
249 0 0.000000 100.000000
250 0 0.000000 100.000000
251 0 0.000000 100.000000
252 0 0.000000 100.000000
253 0 0.000000 100.000000
254 0 0.000000 100.000000
255 0 0.000000 100.000000
256 0 0.000000 100.000000
257 0 0.000000 100.000000
258 0 0.000000 100.000000
259 0 0.000000 100.000000
260 0 0.000000 100.000000
261 0 0.000000 100.000000
262 0 0.000000 100.000000
263 0 0.000000 100.000000
264 0 0.000000 100.000000
265 0 0.000000 100.000000
266 0 0.000000 100.000000
267 0 0.000000 100.000000
268 0 0.000000 100.000000
269 0 0.000000 100.000000
270 0 0.000000 100.000000
271 0 0.000000 100.000000
272 0 0.000000 100.000000
273 485 0.887596 0.000000
274 451 0.791749 0.000000
275 10 0.684155 2.200000
276 0 0.000000 100.000000
277 17 0.718570 0.200000
278 356 0.812392 0.000000
279 32 0.699405 0.000000
280 25 0.691356 0.000000
281 22 0.794065 0.000000
282 13 0.692308 1.000000
283 5 0.490052 54.800000
284 0 0.000000 100.000000
285 0 0.000000 100.000000
286 343 0.768339 0.000000
287 7 0.486615 56.600000
288 0 0.000000 100.000000
289 0 0.000000 100.000000
290 1 0.880416 12.800000
291 0 0.000000 100.000000
292 0 0.000000 100.000000
293 9 0.401094 83.800000
294 577 0.830156 15.200000
295 4 0.692073 8.600000
296 4 0.510453 49.200000
297 4 0.515679 45.600000
298 0 0.000000 100.000000
299 392 0.772657 0.000000
300 218 0.726121 0.000000
301 546 0.703468 0.000000
302 89 0.773489 0.000000
303 0 0.000000 100.000000
304 114 0.713702 0.000000
305 3 0.800580 3.000000
306 571 0.759069 1.000000
307 0 0.000000 100.000000
308 0 0.000000 100.000000
309 0 0.000000 100.000000
310 0 0.000000 100.000000
311 0 0.000000 100.000000
312 0 0.000000 100.000000
313 0 0.000000 100.000000
314 0 0.000000 100.000000
315 0 0.000000 100.000000
316 0 0.000000 100.000000
317 0 0.000000 100.000000
318 0 0.000000 100.000000
0 0 0.000000 0.000000
