0 365 0.764281 0.000000
1 409 0.749497 0.000000
2 239 0.849619 0.000000
3 90 0.826753 0.000000
4 124 0.809081 0.000000
5 9 0.475298 63.400000
6 0 0.000000 100.000000
7 15 0.562226 21.400000
8 11 0.718294 0.800000
9 0 0.000000 100.000000
10 0 0.000000 100.000000
11 159 0.819817 0.000000
12 46 0.694998 0.000000
13 115 0.802592 0.000000
14 50 0.818409 0.000000
15 62 0.736840 0.000000
16 16 0.452402 75.000000
17 174 0.771850 0.000000
18 8 0.506140 47.000000
19 6 0.647145 9.200000
20 5 0.806632 0.400000
21 0 0.000000 100.000000
22 189 0.813577 0.000000
23 21 0.735060 0.000000
24 25 0.664593 0.400000
25 126 0.823448 0.000000
26 4 0.415941 72.600000
27 20 0.657616 0.600000
28 1 0.998267 0.200000
29 5 0.360558 86.400000
30 0 0.000000 100.000000
31 5 0.488656 54.600000
32 16 0.824511 0.000000
33 0 0.000000 100.000000
34 7 0.444083 68.400000
35 1 0.977470 2.000000
36 11 0.469617 61.800000
37 6 0.605478 20.600000
38 0 0.000000 100.000000
39 25 0.763834 0.000000
40 36 0.748155 0.000000
41 0 0.000000 100.000000
42 0 0.000000 100.000000
43 1 0.445407 57.200000
44 0 0.000000 100.000000
45 0 0.000000 100.000000
46 0 0.000000 100.000000
47 0 0.000000 100.000000
48 87 0.829717 0.000000
49 0 0.000000 100.000000
50 0 0.000000 100.000000
51 4 0.300523 93.200000
52 0 0.000000 100.000000
53 1 0.379549 61.600000
54 3 0.497971 50.200000
55 35 0.845830 0.000000
56 4 0.161585 99.200000
57 1 0.202773 80.400000
58 2 0.281250 84.800000
59 1 0.001733 100.000000
60 0 0.000000 100.000000
61 1 0.918544 7.200000
62 45 0.768230 0.000000
63 1 0.305026 70.200000
64 13 0.605718 9.400000
65 14 0.579154 15.800000
66 0 0.000000 100.000000
67 3 0.658551 19.000000
68 0 0.000000 100.000000
69 0 0.000000 100.000000
70 0 0.000000 100.000000
71 10 0.415141 79.200000
72 0 0.000000 100.000000
73 14 0.433764 81.800000
74 0 0.000000 100.000000
75 3 0.403478 68.400000
76 0 0.000000 100.000000
77 1 0.192374 80.000000
78 0 0.000000 100.000000
79 0 0.000000 100.000000
80 0 0.000000 100.000000
81 0 0.000000 100.000000
82 0 0.000000 100.000000
83 96 0.776258 0.000000
84 65 0.781676 0.000000
85 96 0.886216 0.000000
86 0 0.000000 100.000000
87 366 0.785004 0.000000
88 0 0.000000 100.000000
89 0 0.000000 100.000000
90 0 0.000000 100.000000
91 0 0.000000 100.000000
92 0 0.000000 100.000000
93 0 0.000000 100.000000
94 0 0.000000 100.000000
95 0 0.000000 100.000000
96 0 0.000000 100.000000
97 75 0.836899 0.000000
98 2 0.685764 22.800000
99 22 0.545700 22.800000
100 53 0.854627 0.000000
101 65 0.807737 0.000000
102 5 0.619546 19.200000
103 0 0.000000 100.000000
104 0 0.000000 100.000000
105 0 0.000000 100.000000
106 0 0.000000 100.000000
107 0 0.000000 100.000000
108 4 0.581010 28.200000
109 1 0.237435 75.600000
110 0 0.000000 100.000000
111 115 0.778740 0.000000
112 47 0.866130 0.000000
113 0 0.000000 100.000000
114 8 0.624561 13.000000
115 1 0.450607 56.000000
116 0 0.000000 100.000000
117 0 0.000000 100.000000
118 4 0.358014 86.200000
119 0 0.000000 100.000000
120 28 0.813312 0.000000
121 0 0.000000 100.000000
122 1 0.480069 56.200000
123 1 0.188908 82.600000
124 4 0.678136 10.200000
125 1 0.495667 51.200000
126 6 0.479021 57.200000
127 4 0.552700 35.400000
128 2 0.397569 65.400000
129 0 0.000000 100.000000
130 0 0.000000 100.000000
131 0 0.000000 100.000000
132 12 0.494111 54.600000
133 3 0.399420 75.400000
134 91 0.633075 0.000000
135 33 0.735224 0.000000
136 233 0.779673 0.000000
137 26 0.654404 0.400000
138 1 0.864818 16.600000
139 2 0.408854 66.200000
140 0 0.000000 100.000000
141 0 0.000000 100.000000
142 76 0.793772 0.000000
143 0 0.000000 100.000000
144 0 0.000000 100.000000
145 0 0.000000 100.000000
146 10 0.932218 0.000000
147 0 0.000000 100.000000
148 17 0.700744 0.200000
149 5 0.376963 82.600000
150 7 0.826370 0.000000
151 0 0.000000 100.000000
152 4 0.472125 56.800000
153 0 0.000000 100.000000
154 0 0.000000 100.000000
155 0 0.000000 100.000000
156 0 0.000000 100.000000
157 0 0.000000 100.000000
158 0 0.000000 100.000000
159 0 0.000000 100.000000
160 0 0.000000 100.000000
161 0 0.000000 100.000000
162 0 0.000000 100.000000
163 0 0.000000 100.000000
164 1 0.183709 80.000000
165 0 0.000000 100.000000
166 0 0.000000 100.000000
167 0 0.000000 100.000000
168 84 0.711804 0.000000
169 8 0.633333 10.800000
170 52 0.757605 0.000000
171 29 0.769487 0.000000
172 6 0.610723 16.000000
173 3 0.456812 62.200000
174 0 0.000000 100.000000
175 21 0.663674 1.200000
176 94 0.856141 0.000000
177 0 0.000000 100.000000
178 89 0.805381 0.000000
179 81 0.784162 0.000000
180 141 0.790172 0.000000
181 65 0.863968 0.000000
182 20 0.637634 1.800000
183 278 0.808729 0.000000
184 0 0.000000 100.000000
185 0 0.000000 100.000000
186 0 0.000000 100.000000
187 9 0.821324 0.000000
188 0 0.000000 100.000000
189 0 0.000000 100.000000
190 0 0.000000 100.000000
191 0 0.000000 100.000000
192 0 0.000000 100.000000
193 0 0.000000 100.000000
194 0 0.000000 100.000000
195 1 0.544194 43.600000
196 2 0.551215 41.200000
197 0 0.000000 100.000000
198 0 0.000000 100.000000
199 2 0.480903 52.200000
200 1 0.076256 93.800000
201 0 0.000000 100.000000
202 0 0.000000 100.000000
203 1 0.038128 96.600000
204 0 0.000000 100.000000
205 0 0.000000 100.000000
206 1 0.187175 79.800000
207 0 0.000000 100.000000
208 2 0.057292 99.400000
209 1 0.325823 67.600000
210 17 0.726958 0.000000
211 0 0.000000 100.000000
212 0 0.000000 100.000000
213 23 0.700666 0.000000
214 0 0.000000 100.000000
215 0 0.000000 100.000000
216 0 0.000000 100.000000
217 0 0.000000 100.000000
218 0 0.000000 100.000000
219 0 0.000000 100.000000
220 0 0.000000 100.000000
221 0 0.000000 100.000000
222 0 0.000000 100.000000
223 0 0.000000 100.000000
224 0 0.000000 100.000000
225 0 0.000000 100.000000
226 0 0.000000 100.000000
227 0 0.000000 100.000000
228 0 0.000000 100.000000
229 0 0.000000 100.000000
230 0 0.000000 100.000000
231 0 0.000000 100.000000
232 0 0.000000 100.000000
233 0 0.000000 100.000000
234 0 0.000000 100.000000
235 0 0.000000 100.000000
236 0 0.000000 100.000000
237 0 0.000000 100.000000
238 1 0.504333 49.200000
239 0 0.000000 100.000000
240 0 0.000000 100.000000
241 0 0.000000 100.000000
242 0 0.000000 100.000000
243 0 0.000000 100.000000
244 1 0.870017 12.600000
245 4 0.491289 51.800000
246 0 0.000000 100.000000
247 0 0.000000 100.000000
248 0 0.000000 100.000000
249 0 0.000000 100.000000
250 0 0.000000 100.000000
251 0 0.000000 100.000000
252 0 0.000000 100.000000
253 0 0.000000 100.000000
254 0 0.000000 100.000000
255 0 0.000000 100.000000
256 0 0.000000 100.000000
257 0 0.000000 100.000000
258 0 0.000000 100.000000
259 0 0.000000 100.000000
260 0 0.000000 100.000000
261 0 0.000000 100.000000
262 0 0.000000 100.000000
263 0 0.000000 100.000000
264 0 0.000000 100.000000
265 0 0.000000 100.000000
266 0 0.000000 100.000000
267 0 0.000000 100.000000
268 0 0.000000 100.000000
269 0 0.000000 100.000000
270 0 0.000000 100.000000
271 0 0.000000 100.000000
272 0 0.000000 100.000000
273 487 0.863123 0.000000
274 453 0.811903 0.000000
275 14 0.485562 57.200000
276 0 0.000000 100.000000
277 28 0.793312 0.000000
278 353 0.797784 0.000000
279 52 0.795116 0.000000
280 30 0.769647 0.000000
281 26 0.883988 0.000000
282 17 0.543672 28.600000
283 4 0.353659 81.600000
284 0 0.000000 100.000000
285 0 0.000000 100.000000
286 345 0.746943 0.000000
287 6 0.584499 24.800000
288 0 0.000000 100.000000
289 0 0.000000 100.000000
290 0 0.000000 100.000000
291 0 0.000000 100.000000
292 0 0.000000 100.000000
293 7 0.689017 5.000000
294 578 0.000000 100.000000
295 9 0.498535 48.400000
296 7 0.600951 18.000000
297 8 0.566886 27.800000
298 0 0.000000 100.000000
299 408 0.760078 0.000000
300 247 0.718556 0.000000
301 550 0.760649 0.000000
302 93 0.777519 0.000000
303 0 0.000000 100.000000
304 124 0.801513 0.000000
305 3 0.278261 88.000000
306 574 0.668554 11.800000
307 0 0.000000 100.000000
308 0 0.000000 100.000000
309 0 0.000000 100.000000
310 0 0.000000 100.000000
311 0 0.000000 100.000000
312 0 0.000000 100.000000
313 0 0.000000 100.000000
314 0 0.000000 100.000000
315 0 0.000000 100.000000
316 0 0.000000 100.000000
317 0 0.000000 100.000000
318 0 0.000000 100.000000
0 0 0.000000 0.000000
