0 374 0.760066 0.000000
1 402 0.785957 0.000000
2 213 0.809274 0.000000
3 66 0.786991 0.000000
4 121 0.789790 0.000000
5 13 0.438257 77.200000
6 0 0.000000 100.000000
7 13 0.498026 55.600000
8 17 0.624096 2.600000
9 0 0.000000 100.000000
10 0 0.000000 100.000000
11 136 0.803933 0.000000
12 33 0.643759 0.000000
13 108 0.806403 0.000000
14 31 0.741818 0.000000
15 57 0.713405 0.000000
16 12 0.345701 95.800000
17 160 0.785197 0.000000
18 5 0.794764 1.000000
19 4 0.554007 35.400000
20 5 0.800698 1.200000
21 0 0.000000 100.000000
22 176 0.791497 0.000000
23 22 0.647073 1.400000
24 39 0.764807 0.000000
25 102 0.802748 0.000000
26 2 0.833333 6.000000
27 22 0.849902 0.000000
28 0 0.000000 100.000000
29 8 0.637500 6.400000
30 0 0.000000 100.000000
31 5 0.665620 10.800000
32 20 0.882079 0.000000
33 0 0.000000 100.000000
34 4 0.672909 14.600000
35 1 0.882149 11.200000
36 5 0.387784 81.200000
37 4 0.594948 26.800000
38 3 0.585507 34.200000
39 23 0.818253 0.000000
40 21 0.692485 0.000000
41 0 0.000000 100.000000
42 1 0.246101 74.800000
43 1 0.462738 58.000000
44 0 0.000000 100.000000
45 0 0.000000 100.000000
46 0 0.000000 100.000000
47 1 0.017331 99.200000
48 92 0.782407 0.000000
49 0 0.000000 100.000000
50 0 0.000000 100.000000
51 5 0.562304 31.400000
52 0 0.000000 100.000000
53 2 0.424479 66.400000
54 9 0.381761 90.200000
55 27 0.754184 0.000000
56 5 0.481675 56.200000
57 1 0.343154 66.200000
58 1 0.948007 6.800000
59 0 0.000000 100.000000
60 0 0.000000 100.000000
61 1 0.800693 22.600000
62 40 0.742751 0.000000
63 2 0.468750 60.000000
64 17 0.539688 29.800000
65 19 0.716411 0.000000
66 0 0.000000 100.000000
67 1 0.251300 72.200000
68 0 0.000000 100.000000
69 2 0.194444 91.600000
70 0 0.000000 100.000000
71 8 0.311623 95.600000
72 0 0.000000 100.000000
73 16 0.678381 0.400000
74 0 0.000000 100.000000
75 8 0.557018 30.400000
76 0 0.000000 100.000000
77 0 0.000000 100.000000
78 0 0.000000 100.000000
79 0 0.000000 100.000000
80 0 0.000000 100.000000
81 0 0.000000 100.000000
82 0 0.000000 100.000000
83 114 0.753233 0.000000
84 71 0.718949 0.000000
85 107 0.894736 0.000000
86 0 0.000000 100.000000
87 385 0.778642 0.000000
88 0 0.000000 100.000000
89 2 0.843750 5.000000
90 0 0.000000 100.000000
91 0 0.000000 100.000000
92 0 0.000000 100.000000
93 0 0.000000 100.000000
94 0 0.000000 100.000000
95 0 0.000000 100.000000
96 0 0.000000 100.000000
97 83 0.807886 0.000000
98 0 0.000000 100.000000
99 24 0.577843 9.400000
100 61 0.809747 0.000000
101 67 0.880509 0.000000
102 3 0.558261 37.600000
103 0 0.000000 100.000000
104 0 0.000000 100.000000
105 0 0.000000 100.000000
106 0 0.000000 100.000000
107 0 0.000000 100.000000
108 4 0.625436 19.600000
109 6 0.403846 78.400000
110 0 0.000000 100.000000
111 125 0.718764 0.000000
112 67 0.832111 0.000000
113 0 0.000000 100.000000
114 3 0.635362 20.800000
115 0 0.000000 100.000000
116 0 0.000000 100.000000
117 0 0.000000 100.000000
118 1 0.298094 72.400000
119 1 0.308492 70.000000
120 21 0.877490 0.000000
121 0 0.000000 100.000000
122 2 0.449653 60.000000
123 0 0.000000 100.000000
124 2 0.584201 33.000000
125 0 0.000000 100.000000
126 5 0.384642 83.400000
127 6 0.460664 59.000000
128 2 0.585938 35.600000
129 0 0.000000 100.000000
130 0 0.000000 100.000000
131 0 0.000000 100.000000
132 10 0.485387 57.400000
133 2 0.664062 22.600000
134 116 0.758285 0.000000
135 33 0.777148 0.000000
136 240 0.793861 0.000000
137 35 0.696290 0.000000
138 1 0.008666 98.800000
139 5 0.324956 91.200000
140 0 0.000000 100.000000
141 0 0.000000 100.000000
142 81 0.766426 0.000000
143 0 0.000000 100.000000
144 0 0.000000 100.000000
145 0 0.000000 100.000000
146 16 0.815058 0.000000
147 0 0.000000 100.000000
148 16 0.836077 0.000000
149 12 0.448322 76.600000
150 8 0.477412 56.400000
151 0 0.000000 100.000000
152 3 0.792464 5.000000
153 0 0.000000 100.000000
154 0 0.000000 100.000000
155 0 0.000000 100.000000
156 0 0.000000 100.000000
157 0 0.000000 100.000000
158 0 0.000000 100.000000
159 0 0.000000 100.000000
160 0 0.000000 100.000000
161 0 0.000000 100.000000
162 0 0.000000 100.000000
163 0 0.000000 100.000000
164 1 0.091854 90.800000
165 0 0.000000 100.000000
166 0 0.000000 100.000000
167 0 0.000000 100.000000
168 92 0.761116 0.000000
169 9 0.334114 96.000000
170 55 0.725674 0.000000
171 29 0.843980 0.000000
172 5 0.292496 94.800000
173 3 0.907246 0.400000
174 1 0.885615 11.800000
175 19 0.593259 6.800000
176 96 0.883147 0.000000
177 0 0.000000 100.000000
178 82 0.803895 0.000000
179 72 0.789992 0.000000
180 109 0.798693 0.000000
181 76 0.860584 0.000000
182 29 0.709503 0.000000
183 253 0.831000 0.000000
184 0 0.000000 100.000000
185 0 0.000000 100.000000
186 1 0.977470 2.400000
187 9 0.374731 89.200000
188 0 0.000000 100.000000
189 0 0.000000 100.000000
190 0 0.000000 100.000000
191 0 0.000000 100.000000
192 0 0.000000 100.000000
193 0 0.000000 100.000000
194 0 0.000000 100.000000
195 3 0.386667 71.600000
196 0 0.000000 100.000000
197 3 0.204058 95.400000
198 0 0.000000 100.000000
199 5 0.383595 79.800000
200 3 0.515362 49.800000
201 0 0.000000 100.000000
202 0 0.000000 100.000000
203 0 0.000000 100.000000
204 0 0.000000 100.000000
205 0 0.000000 100.000000
206 0 0.000000 100.000000
207 0 0.000000 100.000000
208 3 0.403478 68.400000
209 2 0.546007 38.000000
210 20 0.730914 0.000000
211 0 0.000000 100.000000
212 0 0.000000 100.000000
213 28 0.706883 0.000000
214 0 0.000000 100.000000
215 0 0.000000 100.000000
216 0 0.000000 100.000000
217 0 0.000000 100.000000
218 0 0.000000 100.000000
219 0 0.000000 100.000000
220 0 0.000000 100.000000
221 0 0.000000 100.000000
222 0 0.000000 100.000000
223 3 0.437101 63.000000
224 0 0.000000 100.000000
225 0 0.000000 100.000000
226 0 0.000000 100.000000
227 0 0.000000 100.000000
228 0 0.000000 100.000000
229 0 0.000000 100.000000
230 0 0.000000 100.000000
231 0 0.000000 100.000000
232 0 0.000000 100.000000
233 0 0.000000 100.000000
234 0 0.000000 100.000000
235 0 0.000000 100.000000
236 2 0.921875 0.200000
237 5 0.956370 0.000000
238 1 0.497400 49.200000
239 0 0.000000 100.000000
240 0 0.000000 100.000000
241 0 0.000000 100.000000
242 0 0.000000 100.000000
243 0 0.000000 100.000000
244 1 0.842288 16.600000
245 9 0.912322 0.000000
246 0 0.000000 100.000000
247 0 0.000000 100.000000
248 0 0.000000 100.000000
249 0 0.000000 100.000000
250 0 0.000000 100.000000
251 0 0.000000 100.000000
252 0 0.000000 100.000000
253 0 0.000000 100.000000
254 0 0.000000 100.000000
255 0 0.000000 100.000000
256 0 0.000000 100.000000
257 0 0.000000 100.000000
258 0 0.000000 100.000000
259 0 0.000000 100.000000
260 0 0.000000 100.000000
261 0 0.000000 100.000000
262 0 0.000000 100.000000
263 0 0.000000 100.000000
264 0 0.000000 100.000000
265 0 0.000000 100.000000
266 0 0.000000 100.000000
267 0 0.000000 100.000000
268 0 0.000000 100.000000
269 0 0.000000 100.000000
270 0 0.000000 100.000000
271 0 0.000000 100.000000
272 0 0.000000 100.000000
273 476 0.882456 0.000000
274 437 0.776506 0.000000
275 9 0.559656 30.400000
276 0 0.000000 100.000000
277 26 0.746028 0.000000
278 337 0.792506 0.000000
279 45 0.794413 0.000000
280 23 0.813631 0.000000
281 17 0.765754 0.000000
282 11 0.868847 0.000000
283 7 0.628221 13.200000
284 0 0.000000 100.000000
285 0 0.000000 100.000000
286 357 0.775961 0.000000
287 10 0.486796 57.200000
288 0 0.000000 100.000000
289 0 0.000000 100.000000
290 2 0.327257 81.600000
291 0 0.000000 100.000000
292 0 0.000000 100.000000
293 15 0.702664 0.000000
294 578 0.000000 100.000000
295 5 0.608726 19.800000
296 5 0.559162 31.200000
297 4 0.628920 21.600000
298 0 0.000000 100.000000
299 418 0.779695 0.000000
300 236 0.767680 0.000000
301 550 0.740325 0.000000
302 95 0.773564 0.000000
303 0 0.000000 100.000000
304 122 0.729904 0.000000
305 3 0.564058 37.600000
306 572 0.534091 40.800000
307 0 0.000000 100.000000
308 0 0.000000 100.000000
309 0 0.000000 100.000000
310 0 0.000000 100.000000
311 0 0.000000 100.000000
312 0 0.000000 100.000000
313 0 0.000000 100.000000
314 0 0.000000 100.000000
315 0 0.000000 100.000000
316 0 0.000000 100.000000
317 0 0.000000 100.000000
318 0 0.000000 100.000000
0 0 0.000000 0.000000
