0 366 0.767373 0.000000
1 390 0.812821 0.000000
2 216 0.833858 0.000000
3 81 0.879251 0.000000
4 124 0.830539 0.000000
5 16 0.431161 81.200000
6 0 0.000000 100.000000
7 16 0.529137 32.200000
8 8 0.615789 12.200000
9 0 0.000000 100.000000
10 0 0.000000 100.000000
11 147 0.828559 0.000000
12 42 0.686434 0.000000
13 107 0.786317 0.000000
14 43 0.838470 0.000000
15 63 0.692711 0.000000
16 16 0.484319 57.600000
17 160 0.805308 0.000000
18 5 0.678883 10.600000
19 7 0.695772 3.000000
20 11 0.794933 0.000000
21 0 0.000000 100.000000
22 179 0.776102 0.000000
23 25 0.807089 0.000000
24 31 0.787698 0.000000
25 108 0.804787 0.000000
26 3 0.757101 8.200000
27 15 0.685731 1.000000
28 5 0.717277 4.600000
29 8 0.485746 51.800000
30 0 0.000000 100.000000
31 5 0.501571 49.200000
32 13 0.920354 0.000000
33 0 0.000000 100.000000
34 5 0.473647 56.200000
35 0 0.000000 100.000000
36 12 0.555065 26.600000
37 7 0.613710 16.600000
38 3 0.439420 60.600000
39 26 0.705128 0.000000
40 22 0.767086 0.000000
41 0 0.000000 100.000000
42 0 0.000000 100.000000
43 0 0.000000 100.000000
44 0 0.000000 100.000000
45 0 0.000000 100.000000
46 0 0.000000 100.000000
47 1 0.322357 67.800000
48 88 0.875626 0.000000
49 0 0.000000 100.000000
50 0 0.000000 100.000000
51 5 0.715881 4.000000
52 0 0.000000 100.000000
53 1 0.606586 37.200000
54 2 0.298611 82.600000
55 25 0.804702 0.000000
56 0 0.000000 100.000000
57 1 0.057192 95.200000
58 0 0.000000 100.000000
59 0 0.000000 100.000000
60 0 0.000000 100.000000
61 0 0.000000 100.000000
62 31 0.797842 0.000000
63 0 0.000000 100.000000
64 16 0.536922 30.800000
65 16 0.558052 21.800000
66 0 0.000000 100.000000
67 4 0.667247 14.000000
68 0 0.000000 100.000000
69 1 0.299827 66.600000
70 0 0.000000 100.000000
71 8 0.344737 91.200000
72 0 0.000000 100.000000
73 14 0.716059 0.200000
74 0 0.000000 100.000000
75 4 0.741725 5.200000
76 0 0.000000 100.000000
77 1 0.242634 77.400000
78 0 0.000000 100.000000
79 0 0.000000 100.000000
80 0 0.000000 100.000000
81 0 0.000000 100.000000
82 0 0.000000 100.000000
83 99 0.790325 0.000000
84 69 0.779989 0.000000
85 104 0.911453 0.000000
86 0 0.000000 100.000000
87 374 0.802545 0.000000
88 0 0.000000 100.000000
89 3 0.434783 62.000000
90 0 0.000000 100.000000
91 0 0.000000 100.000000
92 0 0.000000 100.000000
93 0 0.000000 100.000000
94 0 0.000000 100.000000
95 0 0.000000 100.000000
96 0 0.000000 100.000000
97 73 0.779954 0.000000
98 1 0.402080 59.800000
99 12 0.671967 1.200000
100 60 0.802542 0.000000
101 66 0.783055 0.000000
102 4 0.351916 85.000000
103 0 0.000000 100.000000
104 0 0.000000 100.000000
105 0 0.000000 100.000000
106 0 0.000000 100.000000
107 0 0.000000 100.000000
108 5 0.439791 67.400000
109 2 0.057292 98.800000
110 0 0.000000 100.000000
111 135 0.780737 0.000000
112 50 0.912197 0.000000
113 0 0.000000 100.000000
114 1 0.403813 59.800000
115 0 0.000000 100.000000
116 2 0.613715 29.200000
117 0 0.000000 100.000000
118 3 0.760580 5.800000
119 1 0.630849 37.600000
120 23 0.818801 0.000000
121 0 0.000000 100.000000
122 0 0.000000 100.000000
123 0 0.000000 100.000000
124 7 0.689017 3.000000
125 0 0.000000 100.000000
126 8 0.421491 78.600000
127 3 0.785507 4.800000
128 2 0.506944 49.800000
129 0 0.000000 100.000000
130 0 0.000000 100.000000
131 0 0.000000 100.000000
132 7 0.484113 53.400000
133 2 0.488715 52.400000
134 102 0.737930 0.000000
135 37 0.831643 0.000000
136 235 0.820532 0.000000
137 28 0.702013 0.000000
138 2 0.077257 99.000000
139 1 0.150780 87.400000
140 0 0.000000 100.000000
141 0 0.000000 100.000000
142 82 0.783094 0.000000
143 0 0.000000 100.000000
144 0 0.000000 100.000000
145 0 0.000000 100.000000
146 18 0.820040 0.000000
147 0 0.000000 100.000000
148 18 0.461310 70.800000
149 8 0.482675 59.600000
150 12 0.630595 6.800000
151 0 0.000000 100.000000
152 6 0.523019 41.200000
153 0 0.000000 100.000000
154 0 0.000000 100.000000
155 0 0.000000 100.000000
156 0 0.000000 100.000000
157 0 0.000000 100.000000
158 0 0.000000 100.000000
159 0 0.000000 100.000000
160 0 0.000000 100.000000
161 0 0.000000 100.000000
162 0 0.000000 100.000000
163 0 0.000000 100.000000
164 0 0.000000 100.000000
165 0 0.000000 100.000000
166 0 0.000000 100.000000
167 0 0.000000 100.000000
168 86 0.743382 0.000000
169 11 0.521725 41.000000
170 51 0.803736 0.000000
171 18 0.863889 0.000000
172 5 0.404538 74.400000
173 4 0.160714 99.600000
174 1 0.854419 15.000000
175 18 0.758532 0.000000
176 99 0.871871 0.000000
177 0 0.000000 100.000000
178 93 0.851258 0.000000
179 63 0.787147 0.000000
180 111 0.781739 0.000000
181 73 0.920521 0.000000
182 20 0.769176 0.000000
183 253 0.811979 0.000000
184 0 0.000000 100.000000
185 0 0.000000 100.000000
186 0 0.000000 100.000000
187 11 0.553792 25.400000
188 0 0.000000 100.000000
189 0 0.000000 100.000000
190 0 0.000000 100.000000
191 0 0.000000 100.000000
192 0 0.000000 100.000000
193 0 0.000000 100.000000
194 0 0.000000 100.000000
195 1 0.920277 6.200000
196 1 0.700173 30.200000
197 4 0.722561 5.800000
198 1 0.343154 66.200000
199 2 0.500868 53.400000
200 3 0.632464 19.600000
201 0 0.000000 100.000000
202 0 0.000000 100.000000
203 1 0.110919 90.400000
204 0 0.000000 100.000000
205 0 0.000000 100.000000
206 0 0.000000 100.000000
207 0 0.000000 100.000000
208 2 0.315972 78.400000
209 2 0.374132 74.400000
210 18 0.678175 0.400000
211 0 0.000000 100.000000
212 0 0.000000 100.000000
213 23 0.756992 0.000000
214 0 0.000000 100.000000
215 0 0.000000 100.000000
216 0 0.000000 100.000000
217 0 0.000000 100.000000
218 0 0.000000 100.000000
219 0 0.000000 100.000000
220 0 0.000000 100.000000
221 0 0.000000 100.000000
222 0 0.000000 100.000000
223 3 0.455072 61.600000
224 0 0.000000 100.000000
225 0 0.000000 100.000000
226 0 0.000000 100.000000
227 0 0.000000 100.000000
228 0 0.000000 100.000000
229 0 0.000000 100.000000
230 0 0.000000 100.000000
231 0 0.000000 100.000000
232 0 0.000000 100.000000
233 0 0.000000 100.000000
234 0 0.000000 100.000000
235 0 0.000000 100.000000
236 3 0.568696 34.200000
237 4 0.912456 0.000000
238 4 0.854094 1.000000
239 0 0.000000 100.000000
240 0 0.000000 100.000000
241 0 0.000000 100.000000
242 0 0.000000 100.000000
243 0 0.000000 100.000000
244 3 0.565797 39.200000
245 17 0.675474 0.400000
246 0 0.000000 100.000000
247 0 0.000000 100.000000
248 0 0.000000 100.000000
249 0 0.000000 100.000000
250 0 0.000000 100.000000
251 0 0.000000 100.000000
252 0 0.000000 100.000000
253 0 0.000000 100.000000
254 0 0.000000 100.000000
255 0 0.000000 100.000000
256 0 0.000000 100.000000
257 0 0.000000 100.000000
258 0 0.000000 100.000000
259 0 0.000000 100.000000
260 0 0.000000 100.000000
261 0 0.000000 100.000000
262 0 0.000000 100.000000
263 0 0.000000 100.000000
264 0 0.000000 100.000000
265 0 0.000000 100.000000
266 0 0.000000 100.000000
267 0 0.000000 100.000000
268 0 0.000000 100.000000
269 0 0.000000 100.000000
270 0 0.000000 100.000000
271 0 0.000000 100.000000
272 0 0.000000 100.000000
273 483 0.887414 0.000000
274 438 0.797733 0.000000
275 10 0.464965 60.200000
276 0 0.000000 100.000000
277 25 0.669222 0.200000
278 352 0.808716 0.000000
279 41 0.827588 0.000000
280 21 0.838762 0.000000
281 15 0.868324 0.000000
282 12 0.737780 0.400000
283 1 0.310225 70.400000
284 0 0.000000 100.000000
285 0 0.000000 100.000000
286 360 0.757531 0.000000
287 5 0.411169 77.000000
288 0 0.000000 100.000000
289 0 0.000000 100.000000
290 4 0.265679 95.200000
291 0 0.000000 100.000000
292 0 0.000000 100.000000
293 5 0.616754 20.000000
294 578 0.000000 100.000000
295 5 0.393717 79.200000
296 4 0.527003 44.000000
297 5 0.472600 58.400000
298 0 0.000000 100.000000
299 412 0.765674 0.000000
300 227 0.759705 0.000000
301 545 0.735279 0.000000
302 83 0.799684 0.000000
303 0 0.000000 100.000000
304 126 0.751615 0.000000
305 3 0.622029 22.000000
306 570 0.636623 10.800000
307 0 0.000000 100.000000
308 0 0.000000 100.000000
309 0 0.000000 100.000000
310 0 0.000000 100.000000
311 0 0.000000 100.000000
312 0 0.000000 100.000000
313 0 0.000000 100.000000
314 0 0.000000 100.000000
315 0 0.000000 100.000000
316 0 0.000000 100.000000
317 0 0.000000 100.000000
318 0 0.000000 100.000000
0 0 0.000000 0.000000
