0 374 0.780696 0.000000
1 401 0.794243 0.000000
2 230 0.826462 0.000000
3 77 0.807372 0.000000
4 123 0.861127 0.000000
5 10 0.456514 71.000000
6 0 0.000000 100.000000
7 10 0.647183 5.600000
8 14 0.718212 0.200000
9 0 0.000000 100.000000
10 0 0.000000 100.000000
11 147 0.795524 0.000000
12 44 0.675434 0.200000
13 108 0.832388 0.000000
14 41 0.820866 0.000000
15 55 0.815957 0.000000
16 9 0.416715 78.600000
17 162 0.815779 0.000000
18 4 0.501742 51.000000
19 6 0.317016 92.800000
20 4 0.554443 35.000000
21 0 0.000000 100.000000
22 168 0.797009 0.000000
23 20 0.776613 0.000000
24 29 0.804786 0.000000
25 97 0.848383 0.000000
26 3 0.671304 15.200000
27 15 0.809118 0.000000
28 5 0.630716 15.800000
29 5 0.523560 44.200000
30 0 0.000000 100.000000
31 1 0.391681 59.800000
32 21 0.778747 0.000000
33 0 0.000000 100.000000
34 3 0.450435 62.600000
35 1 0.590988 38.800000
36 4 0.370645 81.400000
37 6 0.469988 57.600000
38 1 0.812825 17.600000
39 25 0.776420 0.000000
40 20 0.753674 0.000000
41 0 0.000000 100.000000
42 0 0.000000 100.000000
43 0 0.000000 100.000000
44 0 0.000000 100.000000
45 0 0.000000 100.000000
46 0 0.000000 100.000000
47 1 0.788562 24.400000
48 87 0.843645 0.000000
49 0 0.000000 100.000000
50 0 0.000000 100.000000
51 10 0.523239 41.200000
52 0 0.000000 100.000000
53 0 0.000000 100.000000
54 4 0.340157 86.000000
55 24 0.838748 0.000000
56 7 0.211659 100.000000
57 1 0.830156 16.600000
58 0 0.000000 100.000000
59 0 0.000000 100.000000
60 0 0.000000 100.000000
61 2 0.426215 67.000000
62 33 0.821407 0.000000
63 1 0.533795 45.400000
64 10 0.344366 95.400000
65 11 0.377104 90.200000
66 0 0.000000 100.000000
67 2 0.324653 78.200000
68 0 0.000000 100.000000
69 0 0.000000 100.000000
70 0 0.000000 100.000000
71 10 0.518134 43.400000
72 0 0.000000 100.000000
73 11 0.296938 98.800000
74 0 0.000000 100.000000
75 3 0.806957 3.000000
76 0 0.000000 100.000000
77 0 0.000000 100.000000
78 0 0.000000 100.000000
79 0 0.000000 100.000000
80 0 0.000000 100.000000
81 0 0.000000 100.000000
82 0 0.000000 100.000000
83 112 0.783473 0.000000
84 63 0.691447 0.000000
85 108 0.891292 0.000000
86 0 0.000000 100.000000
87 373 0.798169 0.000000
88 0 0.000000 100.000000
89 0 0.000000 100.000000
90 0 0.000000 100.000000
91 0 0.000000 100.000000
92 0 0.000000 100.000000
93 0 0.000000 100.000000
94 0 0.000000 100.000000
95 0 0.000000 100.000000
96 0 0.000000 100.000000
97 63 0.842010 0.000000
98 0 0.000000 100.000000
99 14 0.672999 1.600000
100 51 0.851806 0.000000
101 73 0.860762 0.000000
102 3 0.458551 59.200000
103 0 0.000000 100.000000
104 0 0.000000 100.000000
105 0 0.000000 100.000000
106 0 0.000000 100.000000
107 1 0.681109 28.000000
108 7 0.397548 81.200000
109 4 0.307927 90.400000
110 0 0.000000 100.000000
111 128 0.804878 0.000000
112 63 0.830390 0.000000
113 0 0.000000 100.000000
114 5 0.487958 52.600000
115 0 0.000000 100.000000
116 0 0.000000 100.000000
117 0 0.000000 100.000000
118 2 0.943576 0.600000
119 0 0.000000 100.000000
120 23 0.738660 0.000000
121 0 0.000000 100.000000
122 3 0.355362 83.200000
123 0 0.000000 100.000000
124 3 0.389565 72.800000
125 0 0.000000 100.000000
126 6 0.263986 97.600000
127 3 0.800580 3.400000
128 2 0.611979 29.400000
129 0 0.000000 100.000000
130 0 0.000000 100.000000
131 0 0.000000 100.000000
132 8 0.643421 7.400000
133 0 0.000000 100.000000
134 98 0.759311 0.000000
135 37 0.863566 0.000000
136 230 0.819978 0.000000
137 25 0.821700 0.000000
138 3 0.277101 90.800000
139 4 0.493467 49.800000
140 0 0.000000 100.000000
141 0 0.000000 100.000000
142 90 0.737318 0.000000
143 0 0.000000 100.000000
144 0 0.000000 100.000000
145 0 0.000000 100.000000
146 13 0.737236 0.000000
147 0 0.000000 100.000000
148 31 0.725069 0.000000
149 6 0.779138 0.200000
150 16 0.693950 0.400000
151 0 0.000000 100.000000
152 2 0.879340 3.600000
153 0 0.000000 100.000000
154 0 0.000000 100.000000
155 0 0.000000 100.000000
156 0 0.000000 100.000000
157 0 0.000000 100.000000
158 0 0.000000 100.000000
159 0 0.000000 100.000000
160 0 0.000000 100.000000
161 0 0.000000 100.000000
162 0 0.000000 100.000000
163 0 0.000000 100.000000
164 1 0.086655 89.800000
165 0 0.000000 100.000000
166 0 0.000000 100.000000
167 0 0.000000 100.000000
168 98 0.768176 0.000000
169 8 0.555702 27.600000
170 59 0.805950 0.000000
171 28 0.831494 0.000000
172 7 0.501376 51.800000
173 1 0.717504 26.600000
174 0 0.000000 100.000000
175 21 0.757801 0.000000
176 102 0.872796 0.000000
177 0 0.000000 100.000000
178 80 0.862475 0.000000
179 77 0.854551 0.000000
180 123 0.805646 0.000000
181 79 0.858705 0.000000
182 24 0.692614 0.400000
183 267 0.826439 0.000000
184 0 0.000000 100.000000
185 0 0.000000 100.000000
186 0 0.000000 100.000000
187 8 0.478947 58.200000
188 0 0.000000 100.000000
189 0 0.000000 100.000000
190 0 0.000000 100.000000
191 0 0.000000 100.000000
192 0 0.000000 100.000000
193 0 0.000000 100.000000
194 0 0.000000 100.000000
195 1 0.934142 9.200000
196 1 0.963605 3.000000
197 2 0.526910 43.200000
198 0 0.000000 100.000000
199 5 0.508202 47.800000
200 7 0.700525 4.200000
201 0 0.000000 100.000000
202 0 0.000000 100.000000
203 1 0.124783 87.600000
204 0 0.000000 100.000000
205 0 0.000000 100.000000
206 0 0.000000 100.000000
207 0 0.000000 100.000000
208 1 0.058925 94.400000
209 0 0.000000 100.000000
210 19 0.744186 0.000000
211 0 0.000000 100.000000
212 1 0.662045 38.600000
213 23 0.764747 0.000000
214 0 0.000000 100.000000
215 0 0.000000 100.000000
216 0 0.000000 100.000000
217 0 0.000000 100.000000
218 0 0.000000 100.000000
219 0 0.000000 100.000000
220 0 0.000000 100.000000
221 0 0.000000 100.000000
222 0 0.000000 100.000000
223 1 0.551127 44.800000
224 0 0.000000 100.000000
225 0 0.000000 100.000000
226 0 0.000000 100.000000
227 0 0.000000 100.000000
228 0 0.000000 100.000000
229 0 0.000000 100.000000
230 0 0.000000 100.000000
231 0 0.000000 100.000000
232 0 0.000000 100.000000
233 0 0.000000 100.000000
234 0 0.000000 100.000000
235 0 0.000000 100.000000
236 0 0.000000 100.000000
237 1 0.492201 51.000000
238 2 0.852431 4.200000
239 0 0.000000 100.000000
240 0 0.000000 100.000000
241 0 0.000000 100.000000
242 0 0.000000 100.000000
243 0 0.000000 100.000000
244 2 0.428819 60.000000
245 5 0.754276 1.800000
246 0 0.000000 100.000000
247 0 0.000000 100.000000
248 0 0.000000 100.000000
249 0 0.000000 100.000000
250 0 0.000000 100.000000
251 0 0.000000 100.000000
252 0 0.000000 100.000000
253 0 0.000000 100.000000
254 0 0.000000 100.000000
255 0 0.000000 100.000000
256 0 0.000000 100.000000
257 0 0.000000 100.000000
258 0 0.000000 100.000000
259 0 0.000000 100.000000
260 0 0.000000 100.000000
261 0 0.000000 100.000000
262 0 0.000000 100.000000
263 0 0.000000 100.000000
264 0 0.000000 100.000000
265 0 0.000000 100.000000
266 0 0.000000 100.000000
267 0 0.000000 100.000000
268 0 0.000000 100.000000
269 0 0.000000 100.000000
270 0 0.000000 100.000000
271 0 0.000000 100.000000
272 0 0.000000 100.000000
273 486 0.902308 0.000000
274 445 0.810594 0.000000
275 2 0.604167 29.600000
276 0 0.000000 100.000000
277 16 0.855761 0.000000
278 353 0.795795 0.000000
279 45 0.873588 0.000000
280 19 0.740420 0.000000
281 18 0.786210 0.000000
282 12 0.689046 0.400000
283 6 0.334499 92.800000
284 0 0.000000 100.000000
285 0 0.000000 100.000000
286 366 0.737499 0.000000
287 8 0.669518 4.400000
288 0 0.000000 100.000000
289 0 0.000000 100.000000
290 0 0.000000 100.000000
291 1 0.610052 35.000000
292 0 0.000000 100.000000
293 10 0.442430 72.800000
294 578 0.000000 100.000000
295 3 0.338551 83.000000
296 3 0.515942 44.000000
297 3 0.508986 47.800000
298 0 0.000000 100.000000
299 422 0.739716 0.000000
300 246 0.707023 0.000000
301 552 0.756968 0.000000
302 81 0.814119 0.000000
303 0 0.000000 100.000000
304 126 0.699238 0.000000
305 6 0.597611 19.000000
306 571 0.858394 0.000000
307 0 0.000000 100.000000
308 0 0.000000 100.000000
309 0 0.000000 100.000000
310 0 0.000000 100.000000
311 0 0.000000 100.000000
312 0 0.000000 100.000000
313 0 0.000000 100.000000
314 0 0.000000 100.000000
315 0 0.000000 100.000000
316 0 0.000000 100.000000
317 0 0.000000 100.000000
318 0 0.000000 100.000000
0 0 0.000000 0.000000
