0 358 0.763954 0.000000
1 379 0.768513 0.000000
2 220 0.833558 0.000000
3 75 0.777787 0.000000
4 118 0.789425 0.000000
5 9 0.641476 6.600000
6 0 0.000000 100.000000
7 13 0.441661 77.000000
8 13 0.376855 93.200000
9 1 0.105719 89.400000
10 0 0.000000 100.000000
11 153 0.783560 0.000000
12 47 0.642305 0.200000
13 104 0.782335 0.000000
14 45 0.785991 0.000000
15 58 0.660378 0.000000
16 16 0.443728 75.200000
17 169 0.752825 0.000000
18 4 0.564895 33.800000
19 7 0.743558 0.800000
20 4 0.523519 43.600000
21 0 0.000000 100.000000
22 173 0.833697 0.000000
23 24 0.689907 0.000000
24 34 0.701071 0.000000
25 102 0.855124 0.000000
26 2 0.680556 19.800000
27 16 0.655916 2.000000
28 2 0.575521 36.000000
29 3 0.486377 52.400000
30 0 0.000000 100.000000
31 3 0.594783 32.200000
32 16 0.770129 0.000000
33 0 0.000000 100.000000
34 4 0.649826 14.600000
35 3 0.652174 22.400000
36 12 0.479829 64.200000
37 7 0.690518 4.000000
38 1 0.227036 76.000000
39 33 0.715485 0.000000
40 28 0.690649 0.000000
41 0 0.000000 100.000000
42 0 0.000000 100.000000
43 1 0.483536 53.000000
44 0 0.000000 100.000000
45 0 0.000000 100.000000
46 0 0.000000 100.000000
47 2 0.539062 39.400000
48 84 0.779063 0.000000
49 0 0.000000 100.000000
50 0 0.000000 100.000000
51 6 0.529720 40.800000
52 0 0.000000 100.000000
53 0 0.000000 100.000000
54 3 0.298551 87.800000
55 25 0.780253 0.000000
56 3 0.531594 39.000000
57 0 0.000000 100.000000
58 1 0.980936 1.800000
59 0 0.000000 100.000000
60 0 0.000000 100.000000
61 2 0.677951 19.800000
62 33 0.707089 0.000000
63 0 0.000000 100.000000
64 14 0.428951 81.800000
65 14 0.309271 99.600000
66 0 0.000000 100.000000
67 0 0.000000 100.000000
68 0 0.000000 100.000000
69 1 0.069324 92.800000
70 0 0.000000 100.000000
71 10 0.498415 50.600000
72 1 0.547660 43.600000
73 14 0.396403 90.200000
74 0 0.000000 100.000000
75 3 0.880580 1.000000
76 0 0.000000 100.000000
77 1 0.022530 97.800000
78 0 0.000000 100.000000
79 0 0.000000 100.000000
80 0 0.000000 100.000000
81 0 0.000000 100.000000
82 0 0.000000 100.000000
83 95 0.765065 0.000000
84 70 0.695388 0.000000
85 104 0.841022 0.000000
86 0 0.000000 100.000000
87 372 0.778904 0.000000
88 0 0.000000 100.000000
89 2 0.360243 73.400000
90 0 0.000000 100.000000
91 0 0.000000 100.000000
92 0 0.000000 100.000000
93 0 0.000000 100.000000
94 0 0.000000 100.000000
95 0 0.000000 100.000000
96 0 0.000000 100.000000
97 50 0.803750 0.000000
98 0 0.000000 100.000000
99 9 0.436048 77.200000
100 41 0.792706 0.000000
101 65 0.774029 0.000000
102 3 0.798841 3.400000
103 0 0.000000 100.000000
104 0 0.000000 100.000000
105 0 0.000000 100.000000
106 0 0.000000 100.000000
107 0 0.000000 100.000000
108 9 0.541886 32.600000
109 3 0.397101 73.600000
110 0 0.000000 100.000000
111 132 0.780541 0.000000
112 62 0.803326 0.000000
113 0 0.000000 100.000000
114 7 0.442082 69.800000
115 0 0.000000 100.000000
116 0 0.000000 100.000000
117 0 0.000000 100.000000
118 1 0.953206 4.400000
119 0 0.000000 100.000000
120 28 0.538701 23.200000
121 0 0.000000 100.000000
122 0 0.000000 100.000000
123 0 0.000000 100.000000
124 5 0.703665 5.800000
125 1 0.322357 71.200000
126 6 0.053613 100.000000
127 1 0.570191 42.000000
128 2 0.859375 3.400000
129 0 0.000000 100.000000
130 0 0.000000 100.000000
131 0 0.000000 100.000000
132 7 0.405054 82.600000
133 2 0.641493 31.000000
134 95 0.769053 0.000000
135 35 0.886188 0.000000
136 212 0.814401 0.000000
137 21 0.723433 0.000000
138 0 0.000000 100.000000
139 0 0.000000 100.000000
140 0 0.000000 100.000000
141 0 0.000000 100.000000
142 71 0.756091 0.000000
143 0 0.000000 100.000000
144 0 0.000000 100.000000
145 0 0.000000 100.000000
146 14 0.402862 87.200000
147 0 0.000000 100.000000
148 16 0.676490 0.600000
149 11 0.662177 3.800000
150 8 0.672368 5.200000
151 0 0.000000 100.000000
152 3 0.528696 45.200000
153 0 0.000000 100.000000
154 0 0.000000 100.000000
155 0 0.000000 100.000000
156 0 0.000000 100.000000
157 0 0.000000 100.000000
158 0 0.000000 100.000000
159 0 0.000000 100.000000
160 0 0.000000 100.000000
161 0 0.000000 100.000000
162 0 0.000000 100.000000
163 0 0.000000 100.000000
164 0 0.000000 100.000000
165 0 0.000000 100.000000
166 0 0.000000 100.000000
167 0 0.000000 100.000000
168 96 0.765992 0.000000
169 11 0.433542 78.000000
170 49 0.796458 0.000000
171 22 0.677485 0.200000
172 4 0.521777 46.400000
173 4 0.640244 12.800000
174 1 0.753899 24.000000
175 22 0.640288 1.400000
176 101 0.859705 0.000000
177 0 0.000000 100.000000
178 78 0.818795 0.000000
179 61 0.812157 0.000000
180 124 0.753339 0.000000
181 81 0.855851 0.000000
182 19 0.632238 3.000000
183 263 0.790657 0.000000
184 0 0.000000 100.000000
185 0 0.000000 100.000000
186 0 0.000000 100.000000
187 4 0.584059 28.200000
188 0 0.000000 100.000000
189 0 0.000000 100.000000
190 0 0.000000 100.000000
191 0 0.000000 100.000000
192 0 0.000000 100.000000
193 0 0.000000 100.000000
194 0 0.000000 100.000000
195 1 0.473137 51.200000
196 0 0.000000 100.000000
197 3 0.719420 8.200000
198 0 0.000000 100.000000
199 4 0.548345 35.400000
200 3 0.471304 58.400000
201 0 0.000000 100.000000
202 0 0.000000 100.000000
203 2 0.055556 99.400000
204 0 0.000000 100.000000
205 0 0.000000 100.000000
206 0 0.000000 100.000000
207 0 0.000000 100.000000
208 3 0.278841 91.200000
209 3 0.487536 54.200000
210 18 0.481845 64.200000
211 0 0.000000 100.000000
212 0 0.000000 100.000000
213 28 0.589740 4.600000
214 0 0.000000 100.000000
215 0 0.000000 100.000000
216 0 0.000000 100.000000
217 0 0.000000 100.000000
218 0 0.000000 100.000000
219 0 0.000000 100.000000
220 0 0.000000 100.000000
221 0 0.000000 100.000000
222 0 0.000000 100.000000
223 4 0.408537 72.000000
224 0 0.000000 100.000000
225 1 0.963605 3.600000
226 0 0.000000 100.000000
227 0 0.000000 100.000000
228 0 0.000000 100.000000
229 0 0.000000 100.000000
230 0 0.000000 100.000000
231 0 0.000000 100.000000
232 0 0.000000 100.000000
233 0 0.000000 100.000000
234 0 0.000000 100.000000
235 0 0.000000 100.000000
236 1 0.428076 61.000000
237 3 0.874203 0.600000
238 2 0.930556 1.000000
239 0 0.000000 100.000000
240 0 0.000000 100.000000
241 0 0.000000 100.000000
242 0 0.000000 100.000000
243 0 0.000000 100.000000
244 1 0.928943 7.200000
245 12 0.744552 0.000000
246 0 0.000000 100.000000
247 0 0.000000 100.000000
248 0 0.000000 100.000000
249 0 0.000000 100.000000
250 0 0.000000 100.000000
251 0 0.000000 100.000000
252 0 0.000000 100.000000
253 0 0.000000 100.000000
254 0 0.000000 100.000000
255 0 0.000000 100.000000
256 0 0.000000 100.000000
257 0 0.000000 100.000000
258 0 0.000000 100.000000
259 0 0.000000 100.000000
260 0 0.000000 100.000000
261 0 0.000000 100.000000
262 0 0.000000 100.000000
263 0 0.000000 100.000000
264 0 0.000000 100.000000
265 0 0.000000 100.000000
266 0 0.000000 100.000000
267 0 0.000000 100.000000
268 0 0.000000 100.000000
269 0 0.000000 100.000000
270 0 0.000000 100.000000
271 0 0.000000 100.000000
272 0 0.000000 100.000000
273 485 0.890899 0.000000
274 451 0.791557 0.000000
275 10 0.570775 22.000000
276 0 0.000000 100.000000
277 17 0.420363 88.800000
278 356 0.796589 0.000000
279 32 0.743361 0.000000
280 25 0.674720 0.000000
281 22 0.677158 0.600000
282 13 0.571681 16.600000
283 5 0.388133 81.000000
284 0 0.000000 100.000000
285 0 0.000000 100.000000
286 343 0.766950 0.000000
287 7 0.524393 38.200000
288 0 0.000000 100.000000
289 0 0.000000 100.000000
290 1 0.495667 53.000000
291 0 0.000000 100.000000
292 0 0.000000 100.000000
293 9 0.521773 40.400000
294 577 0.970537 2.600000
295 4 0.610192 22.800000
296 4 0.646777 18.800000
297 4 0.642857 17.400000
298 0 0.000000 100.000000
299 392 0.774070 0.000000
300 218 0.748688 0.000000
301 546 0.725962 0.000000
302 89 0.781646 0.000000
303 0 0.000000 100.000000
304 114 0.729223 0.000000
305 3 0.744348 7.200000
306 571 0.641481 9.200000
307 0 0.000000 100.000000
308 0 0.000000 100.000000
309 0 0.000000 100.000000
310 0 0.000000 100.000000
311 0 0.000000 100.000000
312 0 0.000000 100.000000
313 0 0.000000 100.000000
314 0 0.000000 100.000000
315 0 0.000000 100.000000
316 0 0.000000 100.000000
317 0 0.000000 100.000000
318 0 0.000000 100.000000
0 0 0.000000 0.000000
