0 379 0.771668 0.000000
1 409 0.789094 0.000000
2 218 0.823242 0.000000
3 87 0.780088 0.000000
4 111 0.769007 0.000000
5 9 0.664519 4.200000
6 0 0.000000 100.000000
7 12 0.481596 61.800000
8 15 0.419538 81.600000
9 1 0.077990 91.800000
10 0 0.000000 100.000000
11 143 0.800032 0.000000
12 39 0.649065 0.000000
13 100 0.786464 0.000000
14 46 0.816239 0.000000
15 54 0.768059 0.000000
16 12 0.445819 75.200000
17 176 0.758834 0.000000
18 8 0.550219 30.400000
19 3 0.460870 57.200000
20 3 0.535652 43.000000
21 0 0.000000 100.000000
22 190 0.801207 0.000000
23 27 0.479734 63.000000
24 33 0.537225 24.600000
25 118 0.821923 0.000000
26 2 0.517361 45.400000
27 17 0.696550 0.200000
28 0 0.000000 100.000000
29 5 0.537522 38.000000
30 0 0.000000 100.000000
31 5 0.591274 24.800000
32 22 0.580690 10.600000
33 0 0.000000 100.000000
34 5 0.630017 14.600000
35 0 0.000000 100.000000
36 4 0.362369 85.000000
37 3 0.634203 21.600000
38 0 0.000000 100.000000
39 24 0.755866 0.000000
40 22 0.639961 1.000000
41 0 0.000000 100.000000
42 1 0.289428 72.000000
43 1 0.691508 28.800000
44 0 0.000000 100.000000
45 0 0.000000 100.000000
46 0 0.000000 100.000000
47 4 0.381533 78.000000
48 85 0.785348 0.000000
49 0 0.000000 100.000000
50 0 0.000000 100.000000
51 9 0.460262 68.400000
52 0 0.000000 100.000000
53 3 0.235942 94.400000
54 4 0.419861 73.200000
55 33 0.790770 0.000000
56 3 0.325797 84.800000
57 1 0.823224 20.200000
58 1 0.438475 55.400000
59 0 0.000000 100.000000
60 0 0.000000 100.000000
61 1 0.000000 100.000000
62 42 0.752221 0.000000
63 1 0.109185 91.400000
64 15 0.519716 42.600000
65 16 0.511010 39.800000
66 0 0.000000 100.000000
67 1 0.835355 19.200000
68 0 0.000000 100.000000
69 1 0.112652 90.600000
70 0 0.000000 100.000000
71 11 0.468174 61.200000
72 0 0.000000 100.000000
73 9 0.386253 87.800000
74 1 0.502600 48.400000
75 3 0.642899 19.800000
76 0 0.000000 100.000000
77 1 0.034662 96.400000
78 0 0.000000 100.000000
79 0 0.000000 100.000000
80 0 0.000000 100.000000
81 0 0.000000 100.000000
82 0 0.000000 100.000000
83 115 0.737759 0.000000
84 77 0.721077 0.000000
85 114 0.856643 0.000000
86 0 0.000000 100.000000
87 389 0.755308 0.000000
88 0 0.000000 100.000000
89 4 0.463850 61.400000
90 0 0.000000 100.000000
91 0 0.000000 100.000000
92 0 0.000000 100.000000
93 0 0.000000 100.000000
94 0 0.000000 100.000000
95 0 0.000000 100.000000
96 0 0.000000 100.000000
97 62 0.778788 0.000000
98 0 0.000000 100.000000
99 14 0.388551 93.400000
100 49 0.813202 0.000000
101 64 0.814050 0.000000
102 1 0.934142 8.200000
103 0 0.000000 100.000000
104 0 0.000000 100.000000
105 0 0.000000 100.000000
106 0 0.000000 100.000000
107 0 0.000000 100.000000
108 6 0.485140 57.200000
109 2 0.311632 79.800000
110 0 0.000000 100.000000
111 130 0.803520 0.000000
112 65 0.794152 0.000000
113 0 0.000000 100.000000
114 11 0.583614 17.000000
115 0 0.000000 100.000000
116 0 0.000000 100.000000
117 0 0.000000 100.000000
118 3 0.610435 29.000000
119 0 0.000000 100.000000
120 22 0.710432 0.000000
121 0 0.000000 100.000000
122 4 0.581882 31.400000
123 0 0.000000 100.000000
124 9 0.626245 8.400000
125 0 0.000000 100.000000
126 5 0.371728 82.400000
127 5 0.724258 2.400000
128 3 0.731594 8.000000
129 0 0.000000 100.000000
130 0 0.000000 100.000000
131 0 0.000000 100.000000
132 7 0.470603 61.800000
133 3 0.419130 66.200000
134 93 0.780246 0.000000
135 39 0.852909 0.000000
136 235 0.815942 0.000000
137 28 0.687468 0.000000
138 0 0.000000 100.000000
139 0 0.000000 100.000000
140 0 0.000000 100.000000
141 0 0.000000 100.000000
142 77 0.705446 0.000000
143 0 0.000000 100.000000
144 0 0.000000 100.000000
145 0 0.000000 100.000000
146 10 0.357218 95.000000
147 0 0.000000 100.000000
148 15 0.521018 42.400000
149 5 0.563700 34.800000
150 9 0.537004 36.800000
151 0 0.000000 100.000000
152 4 0.727352 6.200000
153 0 0.000000 100.000000
154 0 0.000000 100.000000
155 0 0.000000 100.000000
156 0 0.000000 100.000000
157 0 0.000000 100.000000
158 0 0.000000 100.000000
159 0 0.000000 100.000000
160 0 0.000000 100.000000
161 0 0.000000 100.000000
162 0 0.000000 100.000000
163 0 0.000000 100.000000
164 1 0.473137 54.600000
165 0 0.000000 100.000000
166 0 0.000000 100.000000
167 0 0.000000 100.000000
168 98 0.738095 0.000000
169 11 0.382075 90.400000
170 50 0.747879 0.000000
171 23 0.805249 0.000000
172 6 0.398893 79.000000
173 2 0.234375 87.400000
174 0 0.000000 100.000000
175 15 0.752279 0.000000
176 111 0.873951 0.000000
177 0 0.000000 100.000000
178 71 0.834458 0.000000
179 72 0.763642 0.000000
180 117 0.807108 0.000000
181 82 0.878491 0.000000
182 15 0.568384 17.400000
183 255 0.812202 0.000000
184 0 0.000000 100.000000
185 0 0.000000 100.000000
186 0 0.000000 100.000000
187 7 0.562172 28.000000
188 0 0.000000 100.000000
189 0 0.000000 100.000000
190 0 0.000000 100.000000
191 0 0.000000 100.000000
192 0 0.000000 100.000000
193 0 0.000000 100.000000
194 0 0.000000 100.000000
195 0 0.000000 100.000000
196 0 0.000000 100.000000
197 2 0.510417 45.000000
198 0 0.000000 100.000000
199 3 0.222609 95.600000
200 2 0.772569 9.400000
201 0 0.000000 100.000000
202 0 0.000000 100.000000
203 1 0.083189 91.800000
204 0 0.000000 100.000000
205 0 0.000000 100.000000
206 0 0.000000 100.000000
207 0 0.000000 100.000000
208 3 0.333913 82.800000
209 1 0.327556 66.600000
210 17 0.457586 72.400000
211 1 0.857886 13.000000
212 0 0.000000 100.000000
213 27 0.595147 5.200000
214 0 0.000000 100.000000
215 0 0.000000 100.000000
216 0 0.000000 100.000000
217 0 0.000000 100.000000
218 0 0.000000 100.000000
219 0 0.000000 100.000000
220 0 0.000000 100.000000
221 0 0.000000 100.000000
222 0 0.000000 100.000000
223 1 0.637782 38.200000
224 0 0.000000 100.000000
225 1 0.953206 4.600000
226 0 0.000000 100.000000
227 0 0.000000 100.000000
228 0 0.000000 100.000000
229 0 0.000000 100.000000
230 0 0.000000 100.000000
231 0 0.000000 100.000000
232 0 0.000000 100.000000
233 0 0.000000 100.000000
234 0 0.000000 100.000000
235 0 0.000000 100.000000
236 2 0.540799 41.600000
237 2 0.329861 77.400000
238 2 0.939236 0.800000
239 0 0.000000 100.000000
240 0 0.000000 100.000000
241 0 0.000000 100.000000
242 0 0.000000 100.000000
243 0 0.000000 100.000000
244 2 0.539931 41.600000
245 9 0.600469 17.000000
246 0 0.000000 100.000000
247 0 0.000000 100.000000
248 0 0.000000 100.000000
249 0 0.000000 100.000000
250 0 0.000000 100.000000
251 0 0.000000 100.000000
252 0 0.000000 100.000000
253 0 0.000000 100.000000
254 0 0.000000 100.000000
255 0 0.000000 100.000000
256 0 0.000000 100.000000
257 0 0.000000 100.000000
258 0 0.000000 100.000000
259 0 0.000000 100.000000
260 0 0.000000 100.000000
261 0 0.000000 100.000000
262 0 0.000000 100.000000
263 0 0.000000 100.000000
264 0 0.000000 100.000000
265 0 0.000000 100.000000
266 0 0.000000 100.000000
267 0 0.000000 100.000000
268 0 0.000000 100.000000
269 0 0.000000 100.000000
270 0 0.000000 100.000000
271 0 0.000000 100.000000
272 0 0.000000 100.000000
273 482 0.874481 0.000000
274 450 0.792622 0.000000
275 10 0.527465 38.400000
276 0 0.000000 100.000000
277 15 0.555358 21.200000
278 345 0.727238 0.000000
279 34 0.838127 0.000000
280 20 0.736290 0.000000
281 20 0.805287 0.000000
282 12 0.595259 14.000000
283 4 0.464721 59.400000
284 0 0.000000 100.000000
285 0 0.000000 100.000000
286 368 0.745251 0.000000
287 7 0.589442 19.800000
288 0 0.000000 100.000000
289 0 0.000000 100.000000
290 2 0.746528 14.400000
291 0 0.000000 100.000000
292 0 0.000000 100.000000
293 9 0.651240 5.200000
294 577 0.960139 4.600000
295 5 0.554276 32.600000
296 5 0.493543 54.600000
297 5 0.522164 41.200000
298 0 0.000000 100.000000
299 421 0.768749 0.000000
300 239 0.791980 0.000000
301 553 0.686004 0.000000
302 80 0.769428 0.000000
303 0 0.000000 100.000000
304 114 0.734479 0.000000
305 4 0.541376 41.800000
306 571 0.764824 0.600000
307 0 0.000000 100.000000
308 0 0.000000 100.000000
309 0 0.000000 100.000000
310 0 0.000000 100.000000
311 0 0.000000 100.000000
312 0 0.000000 100.000000
313 0 0.000000 100.000000
314 0 0.000000 100.000000
315 0 0.000000 100.000000
316 0 0.000000 100.000000
317 0 0.000000 100.000000
318 0 0.000000 100.000000
0 0 0.000000 0.000000
