0 365 0.765618 0.000000
1 409 0.761346 0.000000
2 239 0.853211 0.000000
3 90 0.808037 0.000000
4 124 0.801993 0.000000
5 9 0.570982 24.200000
6 0 0.000000 100.000000
7 15 0.602368 8.600000
8 11 0.481962 52.600000
9 0 0.000000 100.000000
10 0 0.000000 100.000000
11 159 0.807718 0.000000
12 46 0.659570 0.000000
13 115 0.781557 0.000000
14 50 0.811136 0.000000
15 62 0.753095 0.000000
16 16 0.518572 39.800000
17 174 0.779646 0.000000
18 8 0.512061 41.600000
19 6 0.491841 54.600000
20 5 0.563700 33.200000
21 0 0.000000 100.000000
22 189 0.831177 0.000000
23 21 0.643669 0.400000
24 25 0.639060 1.200000
25 126 0.818619 0.000000
26 4 0.454704 61.400000
27 20 0.545878 23.200000
28 1 0.993068 0.600000
29 5 0.425829 73.400000
30 0 0.000000 100.000000
31 5 0.512391 48.200000
32 16 0.556383 21.600000
33 0 0.000000 100.000000
34 7 0.560921 30.800000
35 1 0.930676 6.800000
36 11 0.541286 30.000000
37 6 0.542249 37.600000
38 0 0.000000 100.000000
39 25 0.743074 0.000000
40 36 0.708641 0.000000
41 0 0.000000 100.000000
42 0 0.000000 100.000000
43 1 0.259965 72.800000
44 0 0.000000 100.000000
45 0 0.000000 100.000000
46 0 0.000000 100.000000
47 0 0.000000 100.000000
48 87 0.810099 0.000000
49 0 0.000000 100.000000
50 0 0.000000 100.000000
51 4 0.398955 74.200000
52 0 0.000000 100.000000
53 1 0.355286 64.800000
54 3 0.414493 70.000000
55 35 0.836727 0.000000
56 4 0.243031 95.800000
57 1 0.003466 99.600000
58 2 0.354167 77.800000
59 1 0.005199 99.200000
60 0 0.000000 100.000000
61 1 0.755633 23.600000
62 45 0.807755 0.000000
63 1 0.317158 67.800000
64 13 0.543499 31.400000
65 14 0.533688 36.600000
66 0 0.000000 100.000000
67 3 0.630725 22.600000
68 0 0.000000 100.000000
69 0 0.000000 100.000000
70 0 0.000000 100.000000
71 10 0.483803 55.200000
72 0 0.000000 100.000000
73 14 0.540020 29.200000
74 0 0.000000 100.000000
75 3 0.587246 30.000000
76 0 0.000000 100.000000
77 1 0.051993 94.200000
78 0 0.000000 100.000000
79 0 0.000000 100.000000
80 0 0.000000 100.000000
81 0 0.000000 100.000000
82 0 0.000000 100.000000
83 96 0.776539 0.000000
84 65 0.765032 0.000000
85 96 0.892592 0.000000
86 0 0.000000 100.000000
87 366 0.791654 0.000000
88 0 0.000000 100.000000
89 0 0.000000 100.000000
90 0 0.000000 100.000000
91 0 0.000000 100.000000
92 0 0.000000 100.000000
93 0 0.000000 100.000000
94 0 0.000000 100.000000
95 0 0.000000 100.000000
96 0 0.000000 100.000000
97 75 0.797561 0.000000
98 2 0.605035 30.800000
99 22 0.536053 32.400000
100 53 0.826307 0.000000
101 65 0.825281 0.000000
102 5 0.468063 63.400000
103 0 0.000000 100.000000
104 0 0.000000 100.000000
105 0 0.000000 100.000000
106 0 0.000000 100.000000
107 0 0.000000 100.000000
108 4 0.553571 35.400000
109 1 0.081456 93.000000
110 0 0.000000 100.000000
111 115 0.791699 0.000000
112 47 0.860600 0.000000
113 0 0.000000 100.000000
114 8 0.646053 8.200000
115 1 0.653380 38.200000
116 0 0.000000 100.000000
117 0 0.000000 100.000000
118 4 0.474739 56.200000
119 0 0.000000 100.000000
120 28 0.706558 0.000000
121 0 0.000000 100.000000
122 1 0.653380 31.800000
123 1 0.150780 82.600000
124 4 0.534408 40.800000
125 1 0.552860 45.200000
126 6 0.333042 91.200000
127 4 0.450348 59.600000
128 2 0.315104 77.600000
129 0 0.000000 100.000000
130 0 0.000000 100.000000
131 0 0.000000 100.000000
132 12 0.512515 41.600000
133 3 0.622609 20.400000
134 91 0.686734 0.000000
135 33 0.778927 0.000000
136 233 0.818088 0.000000
137 26 0.653567 0.200000
138 1 0.951473 7.000000
139 2 0.215278 91.200000
140 0 0.000000 100.000000
141 0 0.000000 100.000000
142 76 0.750446 0.000000
143 0 0.000000 100.000000
144 0 0.000000 100.000000
145 0 0.000000 100.000000
146 10 0.281866 98.400000
147 0 0.000000 100.000000
148 17 0.737863 0.000000
149 5 0.545899 38.400000
150 7 0.773830 0.200000
151 0 0.000000 100.000000
152 4 0.508711 44.600000
153 0 0.000000 100.000000
154 0 0.000000 100.000000
155 0 0.000000 100.000000
156 0 0.000000 100.000000
157 0 0.000000 100.000000
158 0 0.000000 100.000000
159 0 0.000000 100.000000
160 0 0.000000 100.000000
161 0 0.000000 100.000000
162 0 0.000000 100.000000
163 0 0.000000 100.000000
164 1 0.051993 95.600000
165 0 0.000000 100.000000
166 0 0.000000 100.000000
167 0 0.000000 100.000000
168 84 0.747373 0.000000
169 8 0.413596 82.000000
170 52 0.761517 0.000000
171 29 0.637397 0.800000
172 6 0.560315 29.000000
173 3 0.546087 36.400000
174 0 0.000000 100.000000
175 21 0.560144 18.400000
176 94 0.891111 0.000000
177 0 0.000000 100.000000
178 89 0.808621 0.000000
179 81 0.772114 0.000000
180 141 0.809533 0.000000
181 65 0.882531 0.000000
182 20 0.659857 1.200000
183 278 0.820983 0.000000
184 0 0.000000 100.000000
185 0 0.000000 100.000000
186 0 0.000000 100.000000
187 9 0.642062 5.200000
188 0 0.000000 100.000000
189 0 0.000000 100.000000
190 0 0.000000 100.000000
191 0 0.000000 100.000000
192 0 0.000000 100.000000
193 0 0.000000 100.000000
194 0 0.000000 100.000000
195 1 0.785095 20.200000
196 2 0.460069 58.600000
197 0 0.000000 100.000000
198 0 0.000000 100.000000
199 2 0.426215 64.200000
200 1 0.195841 81.400000
201 0 0.000000 100.000000
202 0 0.000000 100.000000
203 1 0.050260 97.000000
204 0 0.000000 100.000000
205 0 0.000000 100.000000
206 1 0.069324 93.400000
207 0 0.000000 100.000000
208 2 0.028646 99.800000
209 1 0.145581 88.600000
210 17 0.552375 21.200000
211 0 0.000000 100.000000
212 0 0.000000 100.000000
213 23 0.508421 45.000000
214 0 0.000000 100.000000
215 0 0.000000 100.000000
216 0 0.000000 100.000000
217 0 0.000000 100.000000
218 0 0.000000 100.000000
219 0 0.000000 100.000000
220 0 0.000000 100.000000
221 0 0.000000 100.000000
222 0 0.000000 100.000000
223 0 0.000000 100.000000
224 0 0.000000 100.000000
225 0 0.000000 100.000000
226 0 0.000000 100.000000
227 0 0.000000 100.000000
228 0 0.000000 100.000000
229 0 0.000000 100.000000
230 0 0.000000 100.000000
231 0 0.000000 100.000000
232 0 0.000000 100.000000
233 0 0.000000 100.000000
234 0 0.000000 100.000000
235 0 0.000000 100.000000
236 0 0.000000 100.000000
237 0 0.000000 100.000000
238 1 0.318891 67.600000
239 0 0.000000 100.000000
240 0 0.000000 100.000000
241 0 0.000000 100.000000
242 0 0.000000 100.000000
243 0 0.000000 100.000000
244 1 0.804159 21.600000
245 4 0.605401 23.600000
246 0 0.000000 100.000000
247 0 0.000000 100.000000
248 0 0.000000 100.000000
249 0 0.000000 100.000000
250 0 0.000000 100.000000
251 0 0.000000 100.000000
252 0 0.000000 100.000000
253 0 0.000000 100.000000
254 0 0.000000 100.000000
255 0 0.000000 100.000000
256 0 0.000000 100.000000
257 0 0.000000 100.000000
258 0 0.000000 100.000000
259 0 0.000000 100.000000
260 0 0.000000 100.000000
261 0 0.000000 100.000000
262 0 0.000000 100.000000
263 0 0.000000 100.000000
264 0 0.000000 100.000000
265 0 0.000000 100.000000
266 0 0.000000 100.000000
267 0 0.000000 100.000000
268 0 0.000000 100.000000
269 0 0.000000 100.000000
270 0 0.000000 100.000000
271 0 0.000000 100.000000
272 0 0.000000 100.000000
273 487 0.856376 0.000000
274 453 0.833660 0.000000
275 14 0.478217 63.600000
276 0 0.000000 100.000000
277 28 0.470325 71.000000
278 353 0.787397 0.000000
279 52 0.800673 0.000000
280 30 0.737956 0.000000
281 26 0.815844 0.000000
282 17 0.817972 0.000000
283 4 0.383711 79.800000
284 0 0.000000 100.000000
285 0 0.000000 100.000000
286 345 0.776152 0.000000
287 6 0.539918 39.200000
288 0 0.000000 100.000000
289 0 0.000000 100.000000
290 0 0.000000 100.000000
291 0 0.000000 100.000000
292 0 0.000000 100.000000
293 7 0.601201 21.000000
294 578 0.000000 100.000000
295 9 0.522164 39.200000
296 7 0.395296 83.600000
297 8 0.544737 31.600000
298 0 0.000000 100.000000
299 408 0.759934 0.000000
300 247 0.750382 0.000000
301 550 0.680519 0.000000
302 93 0.798315 0.000000
303 0 0.000000 100.000000
304 124 0.784052 0.000000
305 3 0.293333 87.800000
306 574 0.543336 33.000000
307 0 0.000000 100.000000
308 0 0.000000 100.000000
309 0 0.000000 100.000000
310 0 0.000000 100.000000
311 0 0.000000 100.000000
312 0 0.000000 100.000000
313 0 0.000000 100.000000
314 0 0.000000 100.000000
315 0 0.000000 100.000000
316 0 0.000000 100.000000
317 0 0.000000 100.000000
318 0 0.000000 100.000000
0 0 0.000000 0.000000
