0 374 0.770669 0.000000
1 402 0.782027 0.000000
2 213 0.813982 0.000000
3 66 0.749171 0.000000
4 121 0.780711 0.000000
5 13 0.462900 65.000000
6 0 0.000000 100.000000
7 13 0.494078 53.000000
8 17 0.588340 10.400000
9 0 0.000000 100.000000
10 0 0.000000 100.000000
11 136 0.788195 0.000000
12 33 0.641646 0.000000
13 108 0.802975 0.000000
14 31 0.676476 0.000000
15 57 0.690979 0.000000
16 12 0.355860 97.200000
17 160 0.799237 0.000000
18 5 0.709948 5.400000
19 4 0.623693 21.400000
20 5 0.640140 12.600000
21 0 0.000000 100.000000
22 176 0.779893 0.000000
23 22 0.481687 62.800000
24 39 0.662147 0.000000
25 102 0.818113 0.000000
26 2 0.703993 14.200000
27 22 0.554447 20.800000
28 0 0.000000 100.000000
29 8 0.551754 33.800000
30 0 0.000000 100.000000
31 5 0.612216 21.200000
32 20 0.675717 0.000000
33 0 0.000000 100.000000
34 4 0.593641 26.600000
35 1 0.909879 11.400000
36 5 0.335428 89.000000
37 4 0.706446 8.600000
38 3 0.545507 38.800000
39 23 0.649354 1.800000
40 21 0.630162 2.600000
41 0 0.000000 100.000000
42 1 0.233969 74.800000
43 1 0.164645 82.000000
44 0 0.000000 100.000000
45 0 0.000000 100.000000
46 0 0.000000 100.000000
47 1 0.019064 97.800000
48 92 0.719471 0.000000
49 0 0.000000 100.000000
50 0 0.000000 100.000000
51 5 0.574171 27.000000
52 0 0.000000 100.000000
53 2 0.486979 49.800000
54 9 0.478422 59.200000
55 27 0.788734 0.000000
56 5 0.459686 60.600000
57 1 0.273830 74.400000
58 1 0.979203 2.600000
59 0 0.000000 100.000000
60 0 0.000000 100.000000
61 1 0.916811 12.600000
62 40 0.760920 0.000000
63 2 0.303819 78.600000
64 17 0.434938 83.400000
65 19 0.415592 87.200000
66 0 0.000000 100.000000
67 1 0.188908 79.400000
68 0 0.000000 100.000000
69 2 0.198785 93.200000
70 0 0.000000 100.000000
71 8 0.467325 65.000000
72 0 0.000000 100.000000
73 16 0.365325 96.600000
74 0 0.000000 100.000000
75 8 0.607895 14.400000
76 0 0.000000 100.000000
77 0 0.000000 100.000000
78 0 0.000000 100.000000
79 0 0.000000 100.000000
80 0 0.000000 100.000000
81 0 0.000000 100.000000
82 0 0.000000 100.000000
83 114 0.728637 0.000000
84 71 0.704114 0.000000
85 107 0.885231 0.000000
86 0 0.000000 100.000000
87 385 0.791912 0.000000
88 0 0.000000 100.000000
89 2 0.783854 9.600000
90 0 0.000000 100.000000
91 0 0.000000 100.000000
92 0 0.000000 100.000000
93 0 0.000000 100.000000
94 0 0.000000 100.000000
95 0 0.000000 100.000000
96 0 0.000000 100.000000
97 83 0.768042 0.000000
98 0 0.000000 100.000000
99 24 0.401549 94.200000
100 61 0.793956 0.000000
101 67 0.817507 0.000000
102 3 0.698551 12.400000
103 0 0.000000 100.000000
104 0 0.000000 100.000000
105 0 0.000000 100.000000
106 0 0.000000 100.000000
107 0 0.000000 100.000000
108 4 0.724303 7.000000
109 6 0.403263 78.200000
110 0 0.000000 100.000000
111 125 0.766093 0.000000
112 67 0.864971 0.000000
113 0 0.000000 100.000000
114 3 0.659710 18.000000
115 0 0.000000 100.000000
116 0 0.000000 100.000000
117 0 0.000000 100.000000
118 1 0.781629 23.000000
119 1 0.443674 56.200000
120 21 0.643156 1.600000
121 0 0.000000 100.000000
122 2 0.646701 26.200000
123 0 0.000000 100.000000
124 2 0.624132 31.800000
125 0 0.000000 100.000000
126 5 0.306806 92.600000
127 6 0.502040 48.000000
128 2 0.376736 69.800000
129 0 0.000000 100.000000
130 0 0.000000 100.000000
131 0 0.000000 100.000000
132 10 0.507394 47.400000
133 2 0.703993 17.000000
134 116 0.768548 0.000000
135 33 0.820628 0.000000
136 240 0.799421 0.000000
137 35 0.746540 0.000000
138 1 0.046794 96.400000
139 5 0.275393 95.200000
140 0 0.000000 100.000000
141 0 0.000000 100.000000
142 81 0.745088 0.000000
143 0 0.000000 100.000000
144 0 0.000000 100.000000
145 0 0.000000 100.000000
146 16 0.461966 67.400000
147 0 0.000000 100.000000
148 16 0.886677 0.000000
149 12 0.560660 21.800000
150 8 0.438816 71.400000
151 0 0.000000 100.000000
152 3 0.650435 21.200000
153 0 0.000000 100.000000
154 0 0.000000 100.000000
155 0 0.000000 100.000000
156 0 0.000000 100.000000
157 0 0.000000 100.000000
158 0 0.000000 100.000000
159 0 0.000000 100.000000
160 0 0.000000 100.000000
161 0 0.000000 100.000000
162 0 0.000000 100.000000
163 0 0.000000 100.000000
164 1 0.065858 94.400000
165 0 0.000000 100.000000
166 0 0.000000 100.000000
167 0 0.000000 100.000000
168 92 0.774043 0.000000
169 9 0.496583 51.800000
170 55 0.696263 0.000000
171 29 0.738145 0.000000
172 5 0.352880 87.400000
173 3 0.841159 1.600000
174 1 0.949740 3.800000
175 19 0.645608 2.200000
176 96 0.885417 0.000000
177 0 0.000000 100.000000
178 82 0.808369 0.000000
179 72 0.784530 0.000000
180 109 0.797911 0.000000
181 76 0.842656 0.000000
182 29 0.540104 23.800000
183 253 0.808574 0.000000
184 0 0.000000 100.000000
185 0 0.000000 100.000000
186 1 0.918544 6.200000
187 9 0.478617 60.000000
188 0 0.000000 100.000000
189 0 0.000000 100.000000
190 0 0.000000 100.000000
191 0 0.000000 100.000000
192 0 0.000000 100.000000
193 0 0.000000 100.000000
194 0 0.000000 100.000000
195 3 0.503768 52.200000
196 0 0.000000 100.000000
197 3 0.317681 86.200000
198 0 0.000000 100.000000
199 5 0.303665 94.400000
200 3 0.478841 58.200000
201 0 0.000000 100.000000
202 0 0.000000 100.000000
203 0 0.000000 100.000000
204 0 0.000000 100.000000
205 0 0.000000 100.000000
206 0 0.000000 100.000000
207 0 0.000000 100.000000
208 3 0.445217 58.400000
209 2 0.516493 42.400000
210 20 0.498029 53.200000
211 0 0.000000 100.000000
212 0 0.000000 100.000000
213 28 0.562013 11.200000
214 0 0.000000 100.000000
215 0 0.000000 100.000000
216 0 0.000000 100.000000
217 0 0.000000 100.000000
218 0 0.000000 100.000000
219 0 0.000000 100.000000
220 0 0.000000 100.000000
221 0 0.000000 100.000000
222 0 0.000000 100.000000
223 3 0.506667 47.200000
224 0 0.000000 100.000000
225 0 0.000000 100.000000
226 0 0.000000 100.000000
227 0 0.000000 100.000000
228 0 0.000000 100.000000
229 0 0.000000 100.000000
230 0 0.000000 100.000000
231 0 0.000000 100.000000
232 0 0.000000 100.000000
233 0 0.000000 100.000000
234 0 0.000000 100.000000
235 0 0.000000 100.000000
236 2 0.834201 5.400000
237 5 0.884468 0.200000
238 1 0.512998 49.200000
239 0 0.000000 100.000000
240 0 0.000000 100.000000
241 0 0.000000 100.000000
242 0 0.000000 100.000000
243 0 0.000000 100.000000
244 1 0.523397 44.600000
245 9 0.713533 0.400000
246 0 0.000000 100.000000
247 0 0.000000 100.000000
248 0 0.000000 100.000000
249 0 0.000000 100.000000
250 0 0.000000 100.000000
251 0 0.000000 100.000000
252 0 0.000000 100.000000
253 0 0.000000 100.000000
254 0 0.000000 100.000000
255 0 0.000000 100.000000
256 0 0.000000 100.000000
257 0 0.000000 100.000000
258 0 0.000000 100.000000
259 0 0.000000 100.000000
260 0 0.000000 100.000000
261 0 0.000000 100.000000
262 0 0.000000 100.000000
263 0 0.000000 100.000000
264 0 0.000000 100.000000
265 0 0.000000 100.000000
266 0 0.000000 100.000000
267 0 0.000000 100.000000
268 0 0.000000 100.000000
269 0 0.000000 100.000000
270 0 0.000000 100.000000
271 0 0.000000 100.000000
272 0 0.000000 100.000000
273 476 0.851726 0.000000
274 437 0.763377 0.000000
275 9 0.589533 16.000000
276 0 0.000000 100.000000
277 26 0.455755 75.200000
278 337 0.779209 0.000000
279 45 0.809381 0.000000
280 23 0.783705 0.000000
281 17 0.852994 0.000000
282 11 0.839346 0.000000
283 7 0.561921 29.200000
284 0 0.000000 100.000000
285 0 0.000000 100.000000
286 357 0.804720 0.000000
287 10 0.611620 11.200000
288 0 0.000000 100.000000
289 0 0.000000 100.000000
290 2 0.693576 18.800000
291 0 0.000000 100.000000
292 0 0.000000 100.000000
293 15 0.666548 0.600000
294 578 0.000000 100.000000
295 5 0.565794 30.600000
296 5 0.589180 23.200000
297 4 0.614111 22.400000
298 0 0.000000 100.000000
299 418 0.791851 0.000000
300 236 0.777295 0.000000
301 550 0.626169 1.600000
302 95 0.769097 0.000000
303 0 0.000000 100.000000
304 122 0.712072 0.000000
305 3 0.579710 34.000000
306 572 0.381410 81.800000
307 0 0.000000 100.000000
308 0 0.000000 100.000000
309 0 0.000000 100.000000
310 0 0.000000 100.000000
311 0 0.000000 100.000000
312 0 0.000000 100.000000
313 0 0.000000 100.000000
314 0 0.000000 100.000000
315 0 0.000000 100.000000
316 0 0.000000 100.000000
317 0 0.000000 100.000000
318 0 0.000000 100.000000
0 0 0.000000 0.000000
