0 366 0.772528 0.000000
1 390 0.804542 0.000000
2 216 0.825225 0.000000
3 81 0.874009 0.000000
4 124 0.818833 0.000000
5 16 0.460854 71.400000
6 0 0.000000 100.000000
7 16 0.498332 51.800000
8 8 0.479825 59.800000
9 0 0.000000 100.000000
10 0 0.000000 100.000000
11 147 0.818094 0.000000
12 42 0.650409 0.200000
13 107 0.768161 0.000000
14 43 0.799870 0.000000
15 63 0.666697 0.000000
16 16 0.480316 62.200000
17 160 0.805951 0.000000
18 5 0.620593 16.800000
19 7 0.682012 3.600000
20 11 0.699695 1.200000
21 0 0.000000 100.000000
22 179 0.795592 0.000000
23 25 0.617722 2.200000
24 31 0.723123 0.000000
25 108 0.787864 0.000000
26 3 0.555362 37.800000
27 15 0.649852 1.400000
28 5 0.697731 5.000000
29 8 0.512061 47.200000
30 0 0.000000 100.000000
31 5 0.569983 23.800000
32 13 0.614704 8.600000
33 0 0.000000 100.000000
34 5 0.486911 53.200000
35 0 0.000000 100.000000
36 12 0.559187 24.600000
37 7 0.658494 4.800000
38 3 0.390725 72.000000
39 26 0.641931 0.800000
40 22 0.703973 0.000000
41 0 0.000000 100.000000
42 0 0.000000 100.000000
43 0 0.000000 100.000000
44 0 0.000000 100.000000
45 0 0.000000 100.000000
46 0 0.000000 100.000000
47 1 0.571924 42.200000
48 88 0.882839 0.000000
49 0 0.000000 100.000000
50 0 0.000000 100.000000
51 5 0.721815 3.400000
52 0 0.000000 100.000000
53 1 0.305026 70.200000
54 2 0.207465 90.800000
55 25 0.602387 4.200000
56 0 0.000000 100.000000
57 1 0.109185 88.000000
58 0 0.000000 100.000000
59 0 0.000000 100.000000
60 0 0.000000 100.000000
61 0 0.000000 100.000000
62 31 0.755499 0.000000
63 0 0.000000 100.000000
64 16 0.458630 70.600000
65 16 0.452736 72.600000
66 0 0.000000 100.000000
67 4 0.702091 9.200000
68 0 0.000000 100.000000
69 1 0.171577 84.400000
70 0 0.000000 100.000000
71 8 0.330482 96.400000
72 0 0.000000 100.000000
73 14 0.455167 70.800000
74 0 0.000000 100.000000
75 4 0.731272 6.400000
76 0 0.000000 100.000000
77 1 0.471404 54.000000
78 0 0.000000 100.000000
79 0 0.000000 100.000000
80 0 0.000000 100.000000
81 0 0.000000 100.000000
82 0 0.000000 100.000000
83 99 0.774720 0.000000
84 69 0.726688 0.000000
85 104 0.907761 0.000000
86 0 0.000000 100.000000
87 374 0.783422 0.000000
88 0 0.000000 100.000000
89 3 0.501449 49.800000
90 0 0.000000 100.000000
91 0 0.000000 100.000000
92 0 0.000000 100.000000
93 0 0.000000 100.000000
94 0 0.000000 100.000000
95 0 0.000000 100.000000
96 0 0.000000 100.000000
97 73 0.774908 0.000000
98 1 0.897747 9.800000
99 12 0.473793 60.800000
100 60 0.799067 0.000000
101 66 0.766306 0.000000
102 4 0.576655 31.200000
103 0 0.000000 100.000000
104 0 0.000000 100.000000
105 0 0.000000 100.000000
106 0 0.000000 100.000000
107 0 0.000000 100.000000
108 5 0.500873 46.800000
109 2 0.343750 73.800000
110 0 0.000000 100.000000
111 135 0.792710 0.000000
112 50 0.901477 0.000000
113 0 0.000000 100.000000
114 1 0.812825 18.000000
115 0 0.000000 100.000000
116 2 0.720486 17.000000
117 0 0.000000 100.000000
118 3 0.706667 12.400000
119 1 0.379549 67.800000
120 23 0.730513 0.000000
121 0 0.000000 100.000000
122 0 0.000000 100.000000
123 0 0.000000 100.000000
124 7 0.642732 9.200000
125 0 0.000000 100.000000
126 8 0.370175 89.000000
127 3 0.659130 18.800000
128 2 0.802083 7.600000
129 0 0.000000 100.000000
130 0 0.000000 100.000000
131 0 0.000000 100.000000
132 7 0.461096 62.400000
133 2 0.304688 81.800000
134 102 0.732967 0.000000
135 37 0.797322 0.000000
136 235 0.824043 0.000000
137 28 0.689545 0.000000
138 2 0.125868 97.200000
139 1 0.292894 73.800000
140 0 0.000000 100.000000
141 0 0.000000 100.000000
142 82 0.794183 0.000000
143 0 0.000000 100.000000
144 0 0.000000 100.000000
145 0 0.000000 100.000000
146 18 0.451587 77.400000
147 0 0.000000 100.000000
148 18 0.756647 0.000000
149 8 0.460307 66.200000
150 12 0.550795 27.200000
151 0 0.000000 100.000000
152 6 0.348776 86.400000
153 0 0.000000 100.000000
154 0 0.000000 100.000000
155 0 0.000000 100.000000
156 0 0.000000 100.000000
157 0 0.000000 100.000000
158 0 0.000000 100.000000
159 0 0.000000 100.000000
160 0 0.000000 100.000000
161 0 0.000000 100.000000
162 0 0.000000 100.000000
163 0 0.000000 100.000000
164 0 0.000000 100.000000
165 0 0.000000 100.000000
166 0 0.000000 100.000000
167 0 0.000000 100.000000
168 86 0.735465 0.000000
169 11 0.424242 78.000000
170 51 0.742419 0.000000
171 18 0.644940 2.000000
172 5 0.405585 76.800000
173 4 0.302265 90.600000
174 1 0.937608 6.800000
175 18 0.698810 0.400000
176 99 0.879842 0.000000
177 0 0.000000 100.000000
178 93 0.813258 0.000000
179 63 0.762768 0.000000
180 111 0.785790 0.000000
181 73 0.929744 0.000000
182 20 0.663978 0.400000
183 253 0.794296 0.000000
184 0 0.000000 100.000000
185 0 0.000000 100.000000
186 0 0.000000 100.000000
187 11 0.578002 18.800000
188 0 0.000000 100.000000
189 0 0.000000 100.000000
190 0 0.000000 100.000000
191 0 0.000000 100.000000
192 0 0.000000 100.000000
193 0 0.000000 100.000000
194 0 0.000000 100.000000
195 1 0.811092 20.200000
196 1 0.133449 89.400000
197 4 0.597997 26.200000
198 1 0.452340 53.000000
199 2 0.468750 60.400000
200 3 0.700870 11.600000
201 0 0.000000 100.000000
202 0 0.000000 100.000000
203 1 0.041594 96.000000
204 0 0.000000 100.000000
205 0 0.000000 100.000000
206 0 0.000000 100.000000
207 0 0.000000 100.000000
208 2 0.208333 91.600000
209 2 0.570312 40.000000
210 18 0.564087 19.800000
211 0 0.000000 100.000000
212 0 0.000000 100.000000
213 23 0.670740 0.200000
214 0 0.000000 100.000000
215 0 0.000000 100.000000
216 0 0.000000 100.000000
217 0 0.000000 100.000000
218 0 0.000000 100.000000
219 0 0.000000 100.000000
220 0 0.000000 100.000000
221 0 0.000000 100.000000
222 0 0.000000 100.000000
223 3 0.227826 95.400000
224 0 0.000000 100.000000
225 0 0.000000 100.000000
226 0 0.000000 100.000000
227 0 0.000000 100.000000
228 0 0.000000 100.000000
229 0 0.000000 100.000000
230 0 0.000000 100.000000
231 0 0.000000 100.000000
232 0 0.000000 100.000000
233 0 0.000000 100.000000
234 0 0.000000 100.000000
235 0 0.000000 100.000000
236 3 0.495072 51.200000
237 4 0.825348 1.200000
238 4 0.824042 1.200000
239 0 0.000000 100.000000
240 0 0.000000 100.000000
241 0 0.000000 100.000000
242 0 0.000000 100.000000
243 0 0.000000 100.000000
244 3 0.478841 56.400000
245 17 0.633742 3.200000
246 0 0.000000 100.000000
247 0 0.000000 100.000000
248 0 0.000000 100.000000
249 0 0.000000 100.000000
250 0 0.000000 100.000000
251 0 0.000000 100.000000
252 0 0.000000 100.000000
253 0 0.000000 100.000000
254 0 0.000000 100.000000
255 0 0.000000 100.000000
256 0 0.000000 100.000000
257 0 0.000000 100.000000
258 0 0.000000 100.000000
259 0 0.000000 100.000000
260 0 0.000000 100.000000
261 0 0.000000 100.000000
262 0 0.000000 100.000000
263 0 0.000000 100.000000
264 0 0.000000 100.000000
265 0 0.000000 100.000000
266 0 0.000000 100.000000
267 0 0.000000 100.000000
268 0 0.000000 100.000000
269 0 0.000000 100.000000
270 0 0.000000 100.000000
271 0 0.000000 100.000000
272 0 0.000000 100.000000
273 483 0.882402 0.000000
274 438 0.810649 0.000000
275 10 0.393486 87.800000
276 0 0.000000 100.000000
277 25 0.460687 76.600000
278 352 0.785687 0.000000
279 41 0.868193 0.000000
280 21 0.754296 0.000000
281 15 0.818709 0.000000
282 12 0.615577 9.400000
283 1 0.261698 72.600000
284 0 0.000000 100.000000
285 0 0.000000 100.000000
286 360 0.782187 0.000000
287 5 0.565445 33.400000
288 0 0.000000 100.000000
289 0 0.000000 100.000000
290 4 0.615418 22.800000
291 0 0.000000 100.000000
292 0 0.000000 100.000000
293 5 0.724258 3.400000
294 578 0.000000 100.000000
295 5 0.523560 44.200000
296 4 0.484756 59.400000
297 5 0.583944 27.200000
298 0 0.000000 100.000000
299 412 0.777108 0.000000
300 227 0.770988 0.000000
301 545 0.646205 0.800000
302 83 0.782694 0.000000
303 0 0.000000 100.000000
304 126 0.775249 0.000000
305 3 0.510145 46.800000
306 570 0.533991 37.600000
307 0 0.000000 100.000000
308 0 0.000000 100.000000
309 0 0.000000 100.000000
310 0 0.000000 100.000000
311 0 0.000000 100.000000
312 0 0.000000 100.000000
313 0 0.000000 100.000000
314 0 0.000000 100.000000
315 0 0.000000 100.000000
316 0 0.000000 100.000000
317 0 0.000000 100.000000
318 0 0.000000 100.000000
0 0 0.000000 0.000000
