0 374 0.781142 0.000000
1 401 0.792722 0.000000
2 230 0.813093 0.000000
3 77 0.825181 0.000000
4 123 0.839489 0.000000
5 10 0.496479 47.800000
6 0 0.000000 100.000000
7 10 0.593310 14.200000
8 14 0.522416 38.800000
9 0 0.000000 100.000000
10 0 0.000000 100.000000
11 147 0.812491 0.000000
12 44 0.683478 0.000000
13 108 0.820508 0.000000
14 41 0.837353 0.000000
15 55 0.771041 0.000000
16 9 0.373560 90.400000
17 162 0.802543 0.000000
18 4 0.629791 20.800000
19 6 0.451049 60.800000
20 4 0.505226 50.000000
21 0 0.000000 100.000000
22 168 0.810772 0.000000
23 20 0.595699 7.200000
24 29 0.689781 0.000000
25 97 0.835973 0.000000
26 3 0.688696 15.600000
27 15 0.728597 0.000000
28 5 0.643630 12.400000
29 5 0.634904 17.000000
30 0 0.000000 100.000000
31 1 0.743501 25.800000
32 21 0.586219 9.600000
33 0 0.000000 100.000000
34 3 0.580290 32.600000
35 1 0.516464 46.800000
36 4 0.369338 80.200000
37 6 0.469697 58.600000
38 1 0.778163 25.000000
39 25 0.702640 0.000000
40 20 0.716577 0.200000
41 0 0.000000 100.000000
42 0 0.000000 100.000000
43 0 0.000000 100.000000
44 0 0.000000 100.000000
45 0 0.000000 100.000000
46 0 0.000000 100.000000
47 1 0.563258 42.800000
48 87 0.846876 0.000000
49 0 0.000000 100.000000
50 0 0.000000 100.000000
51 10 0.519542 42.400000
52 0 0.000000 100.000000
53 0 0.000000 100.000000
54 4 0.653746 14.200000
55 24 0.884777 0.000000
56 7 0.337253 92.000000
57 1 0.714038 26.000000
58 0 0.000000 100.000000
59 0 0.000000 100.000000
60 0 0.000000 100.000000
61 2 0.672743 21.200000
62 33 0.839700 0.000000
63 1 0.665511 34.000000
64 10 0.391725 85.200000
65 11 0.446048 75.800000
66 0 0.000000 100.000000
67 2 0.572049 41.000000
68 0 0.000000 100.000000
69 0 0.000000 100.000000
70 0 0.000000 100.000000
71 10 0.399648 86.400000
72 0 0.000000 100.000000
73 11 0.438191 73.600000
74 0 0.000000 100.000000
75 3 0.623768 25.200000
76 0 0.000000 100.000000
77 0 0.000000 100.000000
78 0 0.000000 100.000000
79 0 0.000000 100.000000
80 0 0.000000 100.000000
81 0 0.000000 100.000000
82 0 0.000000 100.000000
83 112 0.749368 0.000000
84 63 0.694652 0.000000
85 108 0.892139 0.000000
86 0 0.000000 100.000000
87 373 0.811809 0.000000
88 0 0.000000 100.000000
89 0 0.000000 100.000000
90 0 0.000000 100.000000
91 0 0.000000 100.000000
92 0 0.000000 100.000000
93 0 0.000000 100.000000
94 0 0.000000 100.000000
95 0 0.000000 100.000000
96 0 0.000000 100.000000
97 63 0.847557 0.000000
98 0 0.000000 100.000000
99 14 0.502026 50.600000
100 51 0.838635 0.000000
101 73 0.857019 0.000000
102 3 0.435362 60.800000
103 0 0.000000 100.000000
104 0 0.000000 100.000000
105 0 0.000000 100.000000
106 0 0.000000 100.000000
107 1 0.552860 42.000000
108 7 0.500125 53.000000
109 4 0.442944 61.000000
110 0 0.000000 100.000000
111 128 0.824514 0.000000
112 63 0.846140 0.000000
113 0 0.000000 100.000000
114 5 0.529494 39.600000
115 0 0.000000 100.000000
116 0 0.000000 100.000000
117 0 0.000000 100.000000
118 2 0.894965 1.600000
119 0 0.000000 100.000000
120 23 0.536389 26.800000
121 0 0.000000 100.000000
122 3 0.619130 25.600000
123 0 0.000000 100.000000
124 3 0.445797 60.000000
125 0 0.000000 100.000000
126 6 0.352273 88.800000
127 3 0.712464 11.800000
128 2 0.647569 28.200000
129 0 0.000000 100.000000
130 0 0.000000 100.000000
131 0 0.000000 100.000000
132 8 0.687281 3.600000
133 0 0.000000 100.000000
134 98 0.767878 0.000000
135 37 0.828746 0.000000
136 230 0.834745 0.000000
137 25 0.710958 0.000000
138 3 0.302609 89.400000
139 4 0.383711 75.200000
140 0 0.000000 100.000000
141 0 0.000000 100.000000
142 90 0.740984 0.000000
143 0 0.000000 100.000000
144 0 0.000000 100.000000
145 0 0.000000 100.000000
146 13 0.365827 94.800000
147 0 0.000000 100.000000
148 31 0.442767 83.800000
149 6 0.673077 9.000000
150 16 0.617104 5.800000
151 0 0.000000 100.000000
152 2 0.837674 5.600000
153 0 0.000000 100.000000
154 0 0.000000 100.000000
155 0 0.000000 100.000000
156 0 0.000000 100.000000
157 0 0.000000 100.000000
158 0 0.000000 100.000000
159 0 0.000000 100.000000
160 0 0.000000 100.000000
161 0 0.000000 100.000000
162 0 0.000000 100.000000
163 0 0.000000 100.000000
164 1 0.171577 84.600000
165 0 0.000000 100.000000
166 0 0.000000 100.000000
167 0 0.000000 100.000000
168 98 0.744728 0.000000
169 8 0.503289 45.600000
170 59 0.743575 0.000000
171 28 0.759286 0.000000
172 7 0.579184 25.800000
173 1 0.866551 12.400000
174 0 0.000000 100.000000
175 21 0.715739 0.000000
176 102 0.906389 0.000000
177 0 0.000000 100.000000
178 80 0.846963 0.000000
179 77 0.804599 0.000000
180 123 0.787171 0.000000
181 79 0.898354 0.000000
182 24 0.654483 0.800000
183 267 0.822525 0.000000
184 0 0.000000 100.000000
185 0 0.000000 100.000000
186 0 0.000000 100.000000
187 8 0.606140 14.400000
188 0 0.000000 100.000000
189 0 0.000000 100.000000
190 0 0.000000 100.000000
191 0 0.000000 100.000000
192 0 0.000000 100.000000
193 0 0.000000 100.000000
194 0 0.000000 100.000000
195 1 0.961872 5.200000
196 1 0.743501 26.800000
197 2 0.546875 46.800000
198 0 0.000000 100.000000
199 5 0.457592 65.000000
200 7 0.691268 3.600000
201 0 0.000000 100.000000
202 0 0.000000 100.000000
203 1 0.005199 99.600000
204 0 0.000000 100.000000
205 0 0.000000 100.000000
206 0 0.000000 100.000000
207 0 0.000000 100.000000
208 1 0.050260 96.400000
209 0 0.000000 100.000000
210 19 0.445438 76.800000
211 0 0.000000 100.000000
212 1 0.512998 46.200000
213 23 0.602115 5.200000
214 0 0.000000 100.000000
215 0 0.000000 100.000000
216 0 0.000000 100.000000
217 0 0.000000 100.000000
218 0 0.000000 100.000000
219 0 0.000000 100.000000
220 0 0.000000 100.000000
221 0 0.000000 100.000000
222 0 0.000000 100.000000
223 1 0.941075 4.200000
224 0 0.000000 100.000000
225 0 0.000000 100.000000
226 0 0.000000 100.000000
227 0 0.000000 100.000000
228 0 0.000000 100.000000
229 0 0.000000 100.000000
230 0 0.000000 100.000000
231 0 0.000000 100.000000
232 0 0.000000 100.000000
233 0 0.000000 100.000000
234 0 0.000000 100.000000
235 0 0.000000 100.000000
236 0 0.000000 100.000000
237 1 0.582322 46.000000
238 2 0.945312 0.800000
239 0 0.000000 100.000000
240 0 0.000000 100.000000
241 0 0.000000 100.000000
242 0 0.000000 100.000000
243 0 0.000000 100.000000
244 2 0.370660 75.200000
245 5 0.682024 9.200000
246 0 0.000000 100.000000
247 0 0.000000 100.000000
248 0 0.000000 100.000000
249 0 0.000000 100.000000
250 0 0.000000 100.000000
251 0 0.000000 100.000000
252 0 0.000000 100.000000
253 0 0.000000 100.000000
254 0 0.000000 100.000000
255 0 0.000000 100.000000
256 0 0.000000 100.000000
257 0 0.000000 100.000000
258 0 0.000000 100.000000
259 0 0.000000 100.000000
260 0 0.000000 100.000000
261 0 0.000000 100.000000
262 0 0.000000 100.000000
263 0 0.000000 100.000000
264 0 0.000000 100.000000
265 0 0.000000 100.000000
266 0 0.000000 100.000000
267 0 0.000000 100.000000
268 0 0.000000 100.000000
269 0 0.000000 100.000000
270 0 0.000000 100.000000
271 0 0.000000 100.000000
272 0 0.000000 100.000000
273 486 0.881173 0.000000
274 445 0.806404 0.000000
275 2 0.812500 6.800000
276 0 0.000000 100.000000
277 16 0.517349 42.200000
278 353 0.816538 0.000000
279 45 0.853033 0.000000
280 19 0.666792 0.400000
281 18 0.823810 0.000000
282 12 0.625589 6.400000
283 6 0.419872 73.000000
284 0 0.000000 100.000000
285 0 0.000000 100.000000
286 366 0.763081 0.000000
287 8 0.744956 0.600000
288 0 0.000000 100.000000
289 0 0.000000 100.000000
290 0 0.000000 100.000000
291 1 0.357019 70.200000
292 0 0.000000 100.000000
293 10 0.605106 14.600000
294 578 0.000000 100.000000
295 3 0.645797 20.000000
296 3 0.574493 33.200000
297 3 0.553043 40.000000
298 0 0.000000 100.000000
299 422 0.770249 0.000000
300 246 0.706570 0.000000
301 552 0.758222 0.000000
302 81 0.793055 0.000000
303 0 0.000000 100.000000
304 126 0.763064 0.000000
305 6 0.624417 15.600000
306 571 0.749812 0.800000
307 0 0.000000 100.000000
308 0 0.000000 100.000000
309 0 0.000000 100.000000
310 0 0.000000 100.000000
311 0 0.000000 100.000000
312 0 0.000000 100.000000
313 0 0.000000 100.000000
314 0 0.000000 100.000000
315 0 0.000000 100.000000
316 0 0.000000 100.000000
317 0 0.000000 100.000000
318 0 0.000000 100.000000
0 0 0.000000 0.000000
