0 373 0.769097 0.000000
1 417 0.831628 0.000000
2 238 0.823171 0.000000
3 104 0.808605 0.000000
4 133 0.788849 0.000000
5 12 0.537250 32.000000
6 0 0.000000 100.000000
7 7 0.484113 55.200000
8 17 0.499214 48.200000
9 0 0.000000 100.000000
10 0 0.000000 100.000000
11 144 0.832869 0.000000
12 44 0.658750 0.000000
13 108 0.826418 0.000000
14 39 0.835260 0.000000
15 57 0.755800 0.000000
16 12 0.361455 96.000000
17 154 0.821046 0.000000
18 7 0.704028 3.400000
19 7 0.596948 20.200000
20 9 0.439563 71.400000
21 0 0.000000 100.000000
22 175 0.804325 0.000000
23 27 0.570545 8.600000
24 37 0.615827 1.400000
25 94 0.829260 0.000000
26 1 0.688042 33.200000
27 19 0.677526 0.400000
28 3 0.746667 7.000000
29 4 0.414199 69.200000
30 0 0.000000 100.000000
31 3 0.713623 10.000000
32 17 0.553004 24.400000
33 0 0.000000 100.000000
34 1 0.547660 49.600000
35 0 0.000000 100.000000
36 9 0.363210 92.400000
37 7 0.602952 20.800000
38 1 0.147314 86.200000
39 30 0.521168 36.800000
40 26 0.727494 0.000000
41 0 0.000000 100.000000
42 0 0.000000 100.000000
43 3 0.327536 83.000000
44 0 0.000000 100.000000
45 0 0.000000 100.000000
46 0 0.000000 100.000000
47 5 0.382548 83.800000
48 103 0.729831 0.000000
49 0 0.000000 100.000000
50 0 0.000000 100.000000
51 5 0.423735 73.600000
52 0 0.000000 100.000000
53 0 0.000000 100.000000
54 4 0.683798 13.200000
55 34 0.720480 0.000000
56 2 0.277778 87.800000
57 2 0.567708 37.800000
58 0 0.000000 100.000000
59 0 0.000000 100.000000
60 0 0.000000 100.000000
61 0 0.000000 100.000000
62 42 0.733609 0.000000
63 0 0.000000 100.000000
64 13 0.357250 95.800000
65 13 0.432131 75.800000
66 0 0.000000 100.000000
67 1 0.273830 76.400000
68 0 0.000000 100.000000
69 0 0.000000 100.000000
70 0 0.000000 100.000000
71 10 0.335387 95.400000
72 0 0.000000 100.000000
73 11 0.355780 94.800000
74 0 0.000000 100.000000
75 6 0.502622 46.000000
76 0 0.000000 100.000000
77 1 0.095321 89.000000
78 0 0.000000 100.000000
79 0 0.000000 100.000000
80 0 0.000000 100.000000
81 0 0.000000 100.000000
82 0 0.000000 100.000000
83 98 0.800510 0.000000
84 81 0.736468 0.000000
85 106 0.870503 0.000000
86 0 0.000000 100.000000
87 381 0.773266 0.000000
88 0 0.000000 100.000000
89 4 0.675958 9.800000
90 0 0.000000 100.000000
91 0 0.000000 100.000000
92 0 0.000000 100.000000
93 0 0.000000 100.000000
94 0 0.000000 100.000000
95 0 0.000000 100.000000
96 0 0.000000 100.000000
97 71 0.876517 0.000000
98 0 0.000000 100.000000
99 13 0.567733 19.600000
100 59 0.886157 0.000000
101 73 0.808382 0.000000
102 5 0.608726 20.000000
103 0 0.000000 100.000000
104 0 0.000000 100.000000
105 0 0.000000 100.000000
106 0 0.000000 100.000000
107 0 0.000000 100.000000
108 7 0.410308 76.000000
109 2 0.401042 67.600000
110 0 0.000000 100.000000
111 118 0.739204 0.000000
112 57 0.761558 0.000000
113 0 0.000000 100.000000
114 5 0.608726 22.000000
115 0 0.000000 100.000000
116 0 0.000000 100.000000
117 0 0.000000 100.000000
118 6 0.720862 2.800000
119 0 0.000000 100.000000
120 28 0.681494 0.000000
121 0 0.000000 100.000000
122 2 0.693576 20.000000
123 0 0.000000 100.000000
124 3 0.555942 37.200000
125 1 0.674177 32.600000
126 8 0.420833 77.800000
127 7 0.642732 8.000000
128 5 0.540314 35.600000
129 0 0.000000 100.000000
130 0 0.000000 100.000000
131 0 0.000000 100.000000
132 9 0.388205 87.400000
133 0 0.000000 100.000000
134 97 0.820156 0.000000
135 40 0.832807 0.000000
136 223 0.835192 0.000000
137 25 0.688463 0.200000
138 1 0.022530 97.400000
139 1 0.441941 53.600000
140 0 0.000000 100.000000
141 0 0.000000 100.000000
142 97 0.783762 0.000000
143 0 0.000000 100.000000
144 0 0.000000 100.000000
145 0 0.000000 100.000000
146 15 0.409947 89.400000
147 0 0.000000 100.000000
148 21 0.849962 0.000000
149 5 0.553927 33.400000
150 12 0.700530 0.400000
151 0 0.000000 100.000000
152 4 0.397648 78.000000
153 0 0.000000 100.000000
154 0 0.000000 100.000000
155 0 0.000000 100.000000
156 0 0.000000 100.000000
157 0 0.000000 100.000000
158 0 0.000000 100.000000
159 0 0.000000 100.000000
160 0 0.000000 100.000000
161 0 0.000000 100.000000
162 0 0.000000 100.000000
163 0 0.000000 100.000000
164 0 0.000000 100.000000
165 0 0.000000 100.000000
166 0 0.000000 100.000000
167 0 0.000000 100.000000
168 95 0.747848 0.000000
169 11 0.363797 93.600000
170 36 0.661542 0.200000
171 19 0.804350 0.000000
172 4 0.505662 44.200000
173 7 0.533400 36.000000
174 1 0.740035 24.400000
175 19 0.720177 0.000000
176 89 0.899267 0.000000
177 0 0.000000 100.000000
178 68 0.848501 0.000000
179 71 0.810679 0.000000
180 126 0.819673 0.000000
181 75 0.870510 0.000000
182 18 0.543849 28.200000
183 245 0.827848 0.000000
184 0 0.000000 100.000000
185 0 0.000000 100.000000
186 0 0.000000 100.000000
187 8 0.542105 34.000000
188 0 0.000000 100.000000
189 0 0.000000 100.000000
190 0 0.000000 100.000000
191 0 0.000000 100.000000
192 0 0.000000 100.000000
193 0 0.000000 100.000000
194 0 0.000000 100.000000
195 1 0.202773 78.000000
196 1 0.811092 18.200000
197 2 0.889757 2.600000
198 0 0.000000 100.000000
199 2 0.558160 41.200000
200 7 0.505379 47.800000
201 0 0.000000 100.000000
202 0 0.000000 100.000000
203 1 0.131716 85.400000
204 0 0.000000 100.000000
205 0 0.000000 100.000000
206 1 0.013865 97.800000
207 0 0.000000 100.000000
208 3 0.288696 88.600000
209 0 0.000000 100.000000
210 20 0.572849 13.400000
211 0 0.000000 100.000000
212 1 0.698440 30.200000
213 26 0.536998 26.600000
214 0 0.000000 100.000000
215 0 0.000000 100.000000
216 0 0.000000 100.000000
217 0 0.000000 100.000000
218 0 0.000000 100.000000
219 0 0.000000 100.000000
220 0 0.000000 100.000000
221 0 0.000000 100.000000
222 0 0.000000 100.000000
223 2 0.262153 83.600000
224 0 0.000000 100.000000
225 0 0.000000 100.000000
226 0 0.000000 100.000000
227 0 0.000000 100.000000
228 0 0.000000 100.000000
229 0 0.000000 100.000000
230 0 0.000000 100.000000
231 0 0.000000 100.000000
232 0 0.000000 100.000000
233 0 0.000000 100.000000
234 0 0.000000 100.000000
235 0 0.000000 100.000000
236 2 0.810764 5.400000
237 6 0.827797 0.200000
238 1 0.549393 45.000000
239 0 0.000000 100.000000
240 0 0.000000 100.000000
241 0 0.000000 100.000000
242 0 0.000000 100.000000
243 0 0.000000 100.000000
244 1 0.797227 19.800000
245 11 0.743146 0.400000
246 0 0.000000 100.000000
247 0 0.000000 100.000000
248 0 0.000000 100.000000
249 0 0.000000 100.000000
250 0 0.000000 100.000000
251 0 0.000000 100.000000
252 0 0.000000 100.000000
253 0 0.000000 100.000000
254 0 0.000000 100.000000
255 0 0.000000 100.000000
256 0 0.000000 100.000000
257 0 0.000000 100.000000
258 0 0.000000 100.000000
259 0 0.000000 100.000000
260 0 0.000000 100.000000
261 0 0.000000 100.000000
262 0 0.000000 100.000000
263 0 0.000000 100.000000
264 0 0.000000 100.000000
265 0 0.000000 100.000000
266 0 0.000000 100.000000
267 0 0.000000 100.000000
268 0 0.000000 100.000000
269 0 0.000000 100.000000
270 0 0.000000 100.000000
271 0 0.000000 100.000000
272 0 0.000000 100.000000
273 472 0.850995 0.000000
274 449 0.783930 0.000000
275 9 0.284905 99.000000
276 0 0.000000 100.000000
277 25 0.507631 46.400000
278 362 0.838730 0.000000
279 50 0.720265 0.000000
280 25 0.796673 0.000000
281 22 0.756785 0.000000
282 15 0.688692 0.600000
283 3 0.402319 70.000000
284 0 0.000000 100.000000
285 0 0.000000 100.000000
286 357 0.799929 0.000000
287 8 0.497588 52.000000
288 0 0.000000 100.000000
289 0 0.000000 100.000000
290 2 0.855903 3.200000
291 1 0.655113 34.800000
292 0 0.000000 100.000000
293 14 0.584220 15.600000
294 578 0.000000 100.000000
295 2 0.766493 9.800000
296 1 0.564991 40.600000
297 2 0.667535 23.800000
298 0 0.000000 100.000000
299 428 0.729735 0.000000
300 259 0.762760 0.000000
301 547 0.665035 0.000000
302 95 0.752403 0.000000
303 0 0.000000 100.000000
304 140 0.732681 0.000000
305 3 0.169855 98.200000
306 565 0.629135 6.200000
307 0 0.000000 100.000000
308 0 0.000000 100.000000
309 0 0.000000 100.000000
310 0 0.000000 100.000000
311 0 0.000000 100.000000
312 0 0.000000 100.000000
313 0 0.000000 100.000000
314 0 0.000000 100.000000
315 0 0.000000 100.000000
316 0 0.000000 100.000000
317 0 0.000000 100.000000
318 0 0.000000 100.000000
0 0 0.000000 0.000000
