0 388 0.798888 0.000000
1 414 0.811344 0.000000
2 257 0.796974 0.000000
3 92 0.873345 0.000000
4 132 0.816262 0.000000
5 7 0.392044 83.200000
6 0 0.000000 100.000000
7 8 0.539254 36.000000
8 16 0.377113 94.200000
9 1 0.289428 69.400000
10 0 0.000000 100.000000
11 154 0.807477 0.000000
12 43 0.675158 0.000000
13 118 0.800903 0.000000
14 40 0.845725 0.000000
15 68 0.691955 0.000000
16 15 0.607105 6.400000
17 149 0.814928 0.000000
18 8 0.659211 6.000000
19 3 0.858551 0.800000
20 4 0.550958 38.000000
21 0 0.000000 100.000000
22 172 0.813438 0.000000
23 19 0.665568 0.200000
24 29 0.592676 5.200000
25 104 0.813555 0.000000
26 4 0.533537 41.800000
27 14 0.651596 2.400000
28 7 0.715537 3.000000
29 7 0.588942 21.000000
30 0 0.000000 100.000000
31 3 0.389565 76.800000
32 11 0.466891 66.000000
33 0 0.000000 100.000000
34 6 0.633741 13.600000
35 0 0.000000 100.000000
36 10 0.549648 29.200000
37 3 0.826667 1.800000
38 1 0.892548 10.600000
39 19 0.777045 0.000000
40 18 0.662798 0.200000
41 0 0.000000 100.000000
42 1 0.117851 86.600000
43 1 0.578856 39.400000
44 0 0.000000 100.000000
45 0 0.000000 100.000000
46 0 0.000000 100.000000
47 4 0.526568 43.400000
48 114 0.789946 0.000000
49 0 0.000000 100.000000
50 0 0.000000 100.000000
51 4 0.456882 59.800000
52 0 0.000000 100.000000
53 1 0.682842 32.400000
54 3 0.502609 48.600000
55 34 0.799146 0.000000
56 2 0.124132 95.800000
57 1 0.476603 53.800000
58 0 0.000000 100.000000
59 0 0.000000 100.000000
60 0 0.000000 100.000000
61 1 0.760832 22.000000
62 38 0.782505 0.000000
63 2 0.065972 99.000000
64 11 0.605099 10.400000
65 13 0.593193 11.000000
66 0 0.000000 100.000000
67 4 0.633275 20.000000
68 0 0.000000 100.000000
69 1 0.247834 70.600000
70 0 0.000000 100.000000
71 14 0.517351 41.800000
72 1 0.589255 42.600000
73 17 0.521757 37.200000
74 0 0.000000 100.000000
75 8 0.625000 12.000000
76 0 0.000000 100.000000
77 0 0.000000 100.000000
78 0 0.000000 100.000000
79 0 0.000000 100.000000
80 0 0.000000 100.000000
81 0 0.000000 100.000000
82 0 0.000000 100.000000
83 97 0.805838 0.000000
84 91 0.752397 0.000000
85 105 0.917789 0.000000
86 0 0.000000 100.000000
87 382 0.815579 0.000000
88 0 0.000000 100.000000
89 3 0.648696 18.600000
90 0 0.000000 100.000000
91 0 0.000000 100.000000
92 0 0.000000 100.000000
93 0 0.000000 100.000000
94 0 0.000000 100.000000
95 0 0.000000 100.000000
96 0 0.000000 100.000000
97 73 0.746345 0.000000
98 0 0.000000 100.000000
99 13 0.504561 46.200000
100 62 0.761440 0.000000
101 65 0.849123 0.000000
102 3 0.650435 17.400000
103 0 0.000000 100.000000
104 0 0.000000 100.000000
105 0 0.000000 100.000000
106 0 0.000000 100.000000
107 0 0.000000 100.000000
108 9 0.532513 38.400000
109 0 0.000000 100.000000
110 1 0.991334 1.000000
111 116 0.763398 0.000000
112 50 0.870795 0.000000
113 0 0.000000 100.000000
114 5 0.598953 23.200000
115 0 0.000000 100.000000
116 0 0.000000 100.000000
117 0 0.000000 100.000000
118 6 0.709499 4.600000
119 3 0.615652 23.600000
120 25 0.670524 0.200000
121 0 0.000000 100.000000
122 3 0.681739 16.200000
123 0 0.000000 100.000000
124 1 0.979203 2.400000
125 0 0.000000 100.000000
126 6 0.483100 60.400000
127 7 0.626970 13.400000
128 4 0.540070 37.400000
129 0 0.000000 100.000000
130 0 0.000000 100.000000
131 0 0.000000 100.000000
132 13 0.546494 27.800000
133 2 0.584201 33.000000
134 115 0.749592 0.000000
135 41 0.783395 0.000000
136 242 0.843984 0.000000
137 31 0.736451 0.000000
138 3 0.506667 44.400000
139 3 0.230725 93.600000
140 0 0.000000 100.000000
141 0 0.000000 100.000000
142 79 0.707694 0.000000
143 0 0.000000 100.000000
144 0 0.000000 100.000000
145 0 0.000000 100.000000
146 19 0.447698 78.400000
147 0 0.000000 100.000000
148 14 0.467199 66.400000
149 6 0.610431 19.200000
150 6 0.440851 67.400000
151 0 0.000000 100.000000
152 3 0.680000 13.800000
153 0 0.000000 100.000000
154 0 0.000000 100.000000
155 0 0.000000 100.000000
156 0 0.000000 100.000000
157 0 0.000000 100.000000
158 0 0.000000 100.000000
159 0 0.000000 100.000000
160 0 0.000000 100.000000
161 0 0.000000 100.000000
162 0 0.000000 100.000000
163 0 0.000000 100.000000
164 0 0.000000 100.000000
165 0 0.000000 100.000000
166 0 0.000000 100.000000
167 0 0.000000 100.000000
168 98 0.723065 0.000000
169 7 0.342257 90.200000
170 51 0.718421 0.000000
171 21 0.654441 1.200000
172 4 0.156359 99.800000
173 1 0.058925 92.400000
174 1 0.826690 17.200000
175 20 0.800627 0.000000
176 87 0.862420 0.000000
177 0 0.000000 100.000000
178 80 0.840361 0.000000
179 80 0.748243 0.000000
180 124 0.781530 0.000000
181 63 0.879889 0.000000
182 20 0.630197 3.200000
183 255 0.789583 0.000000
184 0 0.000000 100.000000
185 0 0.000000 100.000000
186 0 0.000000 100.000000
187 12 0.500000 46.000000
188 0 0.000000 100.000000
189 0 0.000000 100.000000
190 0 0.000000 100.000000
191 0 0.000000 100.000000
192 0 0.000000 100.000000
193 0 0.000000 100.000000
194 0 0.000000 100.000000
195 4 0.605401 22.000000
196 0 0.000000 100.000000
197 3 0.411014 70.600000
198 0 0.000000 100.000000
199 0 0.000000 100.000000
200 3 0.227246 96.000000
201 0 0.000000 100.000000
202 0 0.000000 100.000000
203 1 0.046794 95.400000
204 0 0.000000 100.000000
205 0 0.000000 100.000000
206 0 0.000000 100.000000
207 0 0.000000 100.000000
208 5 0.328796 88.200000
209 1 0.374350 60.600000
210 19 0.648150 1.800000
211 0 0.000000 100.000000
212 0 0.000000 100.000000
213 27 0.665121 0.400000
214 0 0.000000 100.000000
215 0 0.000000 100.000000
216 0 0.000000 100.000000
217 0 0.000000 100.000000
218 0 0.000000 100.000000
219 0 0.000000 100.000000
220 0 0.000000 100.000000
221 0 0.000000 100.000000
222 0 0.000000 100.000000
223 1 0.896014 11.000000
224 0 0.000000 100.000000
225 1 0.769497 23.200000
226 0 0.000000 100.000000
227 0 0.000000 100.000000
228 0 0.000000 100.000000
229 0 0.000000 100.000000
230 0 0.000000 100.000000
231 0 0.000000 100.000000
232 0 0.000000 100.000000
233 0 0.000000 100.000000
234 0 0.000000 100.000000
235 0 0.000000 100.000000
236 1 0.714038 30.400000
237 4 0.712979 9.000000
238 2 0.868056 3.000000
239 0 0.000000 100.000000
240 0 0.000000 100.000000
241 0 0.000000 100.000000
242 0 0.000000 100.000000
243 0 0.000000 100.000000
244 1 0.774697 20.200000
245 8 0.787719 0.200000
246 0 0.000000 100.000000
247 0 0.000000 100.000000
248 0 0.000000 100.000000
249 0 0.000000 100.000000
250 0 0.000000 100.000000
251 0 0.000000 100.000000
252 0 0.000000 100.000000
253 0 0.000000 100.000000
254 0 0.000000 100.000000
255 0 0.000000 100.000000
256 0 0.000000 100.000000
257 0 0.000000 100.000000
258 0 0.000000 100.000000
259 0 0.000000 100.000000
260 0 0.000000 100.000000
261 1 0.509532 44.800000
262 0 0.000000 100.000000
263 0 0.000000 100.000000
264 0 0.000000 100.000000
265 0 0.000000 100.000000
266 0 0.000000 100.000000
267 0 0.000000 100.000000
268 0 0.000000 100.000000
269 0 0.000000 100.000000
270 0 0.000000 100.000000
271 0 0.000000 100.000000
272 0 0.000000 100.000000
273 456 0.870147 0.000000
274 454 0.766644 0.000000
275 15 0.443931 76.400000
276 0 0.000000 100.000000
277 28 0.574221 8.800000
278 352 0.768579 0.000000
279 45 0.797707 0.000000
280 21 0.778319 0.000000
281 14 0.691489 0.800000
282 9 0.530756 37.600000
283 4 0.433798 66.800000
284 0 0.000000 100.000000
285 0 0.000000 100.000000
286 352 0.803236 0.000000
287 10 0.528521 34.200000
288 0 0.000000 100.000000
289 0 0.000000 100.000000
290 1 0.726170 30.600000
291 0 0.000000 100.000000
292 0 0.000000 100.000000
293 9 0.583675 22.800000
294 578 0.000000 100.000000
295 7 0.513635 41.800000
296 6 0.616259 14.800000
297 7 0.555166 31.000000
298 0 0.000000 100.000000
299 428 0.770234 0.000000
300 251 0.767182 0.000000
301 548 0.589659 6.200000
302 100 0.808013 0.000000
303 0 0.000000 100.000000
304 155 0.743400 0.000000
305 2 0.493924 50.000000
306 570 0.763377 0.800000
307 0 0.000000 100.000000
308 0 0.000000 100.000000
309 0 0.000000 100.000000
310 0 0.000000 100.000000
311 0 0.000000 100.000000
312 0 0.000000 100.000000
313 0 0.000000 100.000000
314 0 0.000000 100.000000
315 0 0.000000 100.000000
316 0 0.000000 100.000000
317 0 0.000000 100.000000
318 0 0.000000 100.000000
0 0 0.000000 0.000000
