0 368 0.746105 0.000000
1 399 0.810644 0.000000
2 236 0.827993 0.000000
3 87 0.773907 0.000000
4 127 0.850079 0.000000
5 7 0.494871 48.800000
6 0 0.000000 100.000000
7 12 0.430506 77.600000
8 11 0.425846 84.200000
9 0 0.000000 100.000000
10 0 0.000000 100.000000
11 171 0.781011 0.000000
12 57 0.647978 0.000000
13 122 0.754692 0.000000
14 46 0.798464 0.000000
15 58 0.720889 0.000000
16 15 0.404855 89.600000
17 141 0.764091 0.000000
18 5 0.406632 79.000000
19 5 0.350087 86.000000
20 7 0.530648 39.400000
21 0 0.000000 100.000000
22 177 0.809431 0.000000
23 27 0.718492 0.000000
24 28 0.634740 1.000000
25 103 0.836157 0.000000
26 1 0.407279 60.200000
27 17 0.644647 1.400000
28 1 0.798960 19.800000
29 7 0.534151 38.400000
30 0 0.000000 100.000000
31 6 0.459790 61.600000
32 12 0.444641 74.600000
33 0 0.000000 100.000000
34 3 0.448116 64.200000
35 0 0.000000 100.000000
36 12 0.469229 61.400000
37 5 0.428970 68.200000
38 2 0.798611 9.800000
39 36 0.674200 0.000000
40 38 0.666326 0.000000
41 0 0.000000 100.000000
42 0 0.000000 100.000000
43 0 0.000000 100.000000
44 0 0.000000 100.000000
45 0 0.000000 100.000000
46 0 0.000000 100.000000
47 1 0.032929 98.200000
48 93 0.836448 0.000000
49 0 0.000000 100.000000
50 0 0.000000 100.000000
51 4 0.686847 9.800000
52 0 0.000000 100.000000
53 0 0.000000 100.000000
54 4 0.550523 35.000000
55 41 0.450788 84.600000
56 7 0.486865 52.800000
57 0 0.000000 100.000000
58 0 0.000000 100.000000
59 0 0.000000 100.000000
60 0 0.000000 100.000000
61 1 0.930676 8.200000
62 51 0.746475 0.000000
63 0 0.000000 100.000000
64 13 0.300885 99.400000
65 13 0.375357 93.000000
66 0 0.000000 100.000000
67 1 0.258232 73.000000
68 0 0.000000 100.000000
69 0 0.000000 100.000000
70 0 0.000000 100.000000
71 9 0.389963 88.000000
72 1 0.521664 42.200000
73 14 0.489742 58.600000
74 0 0.000000 100.000000
75 5 0.667714 9.400000
76 0 0.000000 100.000000
77 2 0.201389 91.400000
78 0 0.000000 100.000000
79 0 0.000000 100.000000
80 0 0.000000 100.000000
81 0 0.000000 100.000000
82 0 0.000000 100.000000
83 104 0.771016 0.000000
84 74 0.705679 0.000000
85 103 0.873602 0.000000
86 0 0.000000 100.000000
87 364 0.788076 0.000000
88 0 0.000000 100.000000
89 2 0.533854 45.600000
90 1 0.383016 63.400000
91 0 0.000000 100.000000
92 0 0.000000 100.000000
93 0 0.000000 100.000000
94 0 0.000000 100.000000
95 0 0.000000 100.000000
96 0 0.000000 100.000000
97 80 0.828363 0.000000
98 1 0.048527 95.600000
99 13 0.439074 77.200000
100 67 0.857201 0.000000
101 73 0.842154 0.000000
102 4 0.385453 76.400000
103 0 0.000000 100.000000
104 0 0.000000 100.000000
105 0 0.000000 100.000000
106 0 0.000000 100.000000
107 0 0.000000 100.000000
108 9 0.540715 35.000000
109 5 0.342408 86.800000
110 0 0.000000 100.000000
111 125 0.775329 0.000000
112 55 0.877281 0.000000
113 0 0.000000 100.000000
114 4 0.575348 28.200000
115 0 0.000000 100.000000
116 1 0.967071 3.200000
117 0 0.000000 100.000000
118 4 0.510453 46.800000
119 1 0.542461 41.600000
120 24 0.656137 0.200000
121 0 0.000000 100.000000
122 2 0.636285 26.600000
123 0 0.000000 100.000000
124 5 0.590576 27.000000
125 0 0.000000 100.000000
126 6 0.490093 53.600000
127 7 0.594696 22.600000
128 6 0.743881 1.400000
129 0 0.000000 100.000000
130 0 0.000000 100.000000
131 1 0.008666 98.800000
132 5 0.634555 15.600000
133 2 0.609375 29.800000
134 98 0.767985 0.000000
135 43 0.880374 0.000000
136 234 0.817246 0.000000
137 21 0.614175 4.400000
138 2 0.073785 98.400000
139 0 0.000000 100.000000
140 0 0.000000 100.000000
141 0 0.000000 100.000000
142 72 0.760760 0.000000
143 0 0.000000 100.000000
144 0 0.000000 100.000000
145 0 0.000000 100.000000
146 11 0.349046 97.200000
147 0 0.000000 100.000000
148 23 0.498942 54.200000
149 8 0.608114 14.800000
150 11 0.450216 68.000000
151 0 0.000000 100.000000
152 4 0.538328 42.000000
153 0 0.000000 100.000000
154 0 0.000000 100.000000
155 0 0.000000 100.000000
156 0 0.000000 100.000000
157 0 0.000000 100.000000
158 0 0.000000 100.000000
159 0 0.000000 100.000000
160 0 0.000000 100.000000
161 0 0.000000 100.000000
162 0 0.000000 100.000000
163 0 0.000000 100.000000
164 0 0.000000 100.000000
165 0 0.000000 100.000000
166 0 0.000000 100.000000
167 0 0.000000 100.000000
168 111 0.778787 0.000000
169 13 0.611845 9.400000
170 47 0.753015 0.000000
171 17 0.710915 0.000000
172 4 0.435105 69.000000
173 3 0.518841 48.800000
174 2 0.959201 0.400000
175 17 0.674007 1.600000
176 91 0.854977 0.000000
177 0 0.000000 100.000000
178 70 0.782705 0.000000
179 71 0.796177 0.000000
180 133 0.763183 0.000000
181 82 0.857027 0.000000
182 18 0.600893 6.000000
183 257 0.781301 0.000000
184 0 0.000000 100.000000
185 0 0.000000 100.000000
186 0 0.000000 100.000000
187 12 0.593934 14.000000
188 0 0.000000 100.000000
189 0 0.000000 100.000000
190 0 0.000000 100.000000
191 0 0.000000 100.000000
192 0 0.000000 100.000000
193 0 0.000000 100.000000
194 0 0.000000 100.000000
195 0 0.000000 100.000000
196 0 0.000000 100.000000
197 1 0.682842 30.400000
198 0 0.000000 100.000000
199 2 0.467014 61.200000
200 4 0.302700 91.800000
201 0 0.000000 100.000000
202 0 0.000000 100.000000
203 0 0.000000 100.000000
204 0 0.000000 100.000000
205 0 0.000000 100.000000
206 1 0.029463 97.200000
207 0 0.000000 100.000000
208 5 0.438743 68.000000
209 1 0.615251 41.200000
210 19 0.493362 52.000000
211 1 0.549393 48.800000
212 0 0.000000 100.000000
213 26 0.531912 31.000000
214 0 0.000000 100.000000
215 0 0.000000 100.000000
216 0 0.000000 100.000000
217 0 0.000000 100.000000
218 0 0.000000 100.000000
219 0 0.000000 100.000000
220 0 0.000000 100.000000
221 0 0.000000 100.000000
222 0 0.000000 100.000000
223 2 0.802083 6.600000
224 0 0.000000 100.000000
225 1 0.984402 2.200000
226 0 0.000000 100.000000
227 0 0.000000 100.000000
228 0 0.000000 100.000000
229 0 0.000000 100.000000
230 0 0.000000 100.000000
231 0 0.000000 100.000000
232 0 0.000000 100.000000
233 0 0.000000 100.000000
234 0 0.000000 100.000000
235 0 0.000000 100.000000
236 1 0.708839 29.200000
237 2 0.669271 23.600000
238 0 0.000000 100.000000
239 0 0.000000 100.000000
240 0 0.000000 100.000000
241 0 0.000000 100.000000
242 0 0.000000 100.000000
243 0 0.000000 100.000000
244 1 0.630849 36.200000
245 5 0.662478 12.600000
246 0 0.000000 100.000000
247 0 0.000000 100.000000
248 0 0.000000 100.000000
249 0 0.000000 100.000000
250 0 0.000000 100.000000
251 0 0.000000 100.000000
252 0 0.000000 100.000000
253 0 0.000000 100.000000
254 0 0.000000 100.000000
255 0 0.000000 100.000000
256 0 0.000000 100.000000
257 0 0.000000 100.000000
258 0 0.000000 100.000000
259 0 0.000000 100.000000
260 0 0.000000 100.000000
261 0 0.000000 100.000000
262 0 0.000000 100.000000
263 0 0.000000 100.000000
264 1 0.516464 47.000000
265 0 0.000000 100.000000
266 0 0.000000 100.000000
267 0 0.000000 100.000000
268 0 0.000000 100.000000
269 0 0.000000 100.000000
270 0 0.000000 100.000000
271 0 0.000000 100.000000
272 0 0.000000 100.000000
273 473 0.827605 0.000000
274 446 0.790104 0.000000
275 11 0.441398 74.200000
276 0 0.000000 100.000000
277 32 0.604510 2.200000
278 355 0.775128 0.000000
279 58 0.852785 0.000000
280 27 0.693419 0.200000
281 28 0.754740 0.000000
282 13 0.674472 1.800000
283 10 0.423063 78.000000
284 0 0.000000 100.000000
285 0 0.000000 100.000000
286 354 0.773999 0.000000
287 4 0.808798 1.200000
288 0 0.000000 100.000000
289 0 0.000000 100.000000
290 1 0.516464 46.800000
291 0 0.000000 100.000000
292 0 0.000000 100.000000
293 7 0.639980 8.000000
294 577 0.984402 1.200000
295 6 0.329545 92.200000
296 5 0.344154 84.200000
297 5 0.451309 65.000000
298 0 0.000000 100.000000
299 425 0.783422 0.000000
300 257 0.771325 0.000000
301 548 0.727190 0.000000
302 93 0.756768 0.000000
303 0 0.000000 100.000000
304 126 0.737955 0.000000
305 1 0.402080 60.000000
306 567 0.641975 5.200000
307 0 0.000000 100.000000
308 0 0.000000 100.000000
309 0 0.000000 100.000000
310 0 0.000000 100.000000
311 0 0.000000 100.000000
312 0 0.000000 100.000000
313 0 0.000000 100.000000
314 0 0.000000 100.000000
315 0 0.000000 100.000000
316 0 0.000000 100.000000
317 0 0.000000 100.000000
318 0 0.000000 100.000000
0 0 0.000000 0.000000
