0 348 0.795177 0.000000
1 411 0.828431 0.000000
2 218 0.812487 0.000000
3 86 0.805918 0.000000
4 135 0.835298 0.000000
5 7 0.570428 24.600000
6 0 0.000000 100.000000
7 12 0.364252 91.200000
8 20 0.420699 90.800000
9 1 0.178510 85.400000
10 0 0.000000 100.000000
11 150 0.832882 0.000000
12 49 0.668146 0.000000
13 109 0.844526 0.000000
14 39 0.779696 0.000000
15 62 0.724494 0.000000
16 11 0.330287 97.000000
17 178 0.812275 0.000000
18 5 0.536824 36.800000
19 3 0.474203 52.600000
20 11 0.438672 75.000000
21 0 0.000000 100.000000
22 197 0.810744 0.000000
23 30 0.474027 64.800000
24 36 0.578670 5.800000
25 115 0.839722 0.000000
26 1 0.124783 89.600000
27 23 0.616216 1.400000
28 1 0.540728 44.600000
29 9 0.416520 78.200000
30 0 0.000000 100.000000
31 2 0.718750 15.600000
32 23 0.620995 2.200000
33 0 0.000000 100.000000
34 4 0.370645 82.000000
35 0 0.000000 100.000000
36 10 0.243662 99.600000
37 3 0.470145 55.600000
38 2 0.572917 36.000000
39 33 0.680734 0.000000
40 23 0.683666 0.000000
41 0 0.000000 100.000000
42 0 0.000000 100.000000
43 1 0.492201 53.200000
44 0 0.000000 100.000000
45 0 0.000000 100.000000
46 0 0.000000 100.000000
47 1 0.414211 57.600000
48 89 0.833804 0.000000
49 0 0.000000 100.000000
50 0 0.000000 100.000000
51 6 0.483100 58.200000
52 0 0.000000 100.000000
53 0 0.000000 100.000000
54 5 0.578360 26.200000
55 27 0.746723 0.000000
56 5 0.659337 10.800000
57 1 0.528596 46.800000
58 1 0.738302 27.400000
59 0 0.000000 100.000000
60 0 0.000000 100.000000
61 0 0.000000 100.000000
62 34 0.742106 0.000000
63 0 0.000000 100.000000
64 7 0.462597 65.000000
65 7 0.526145 40.400000
66 0 0.000000 100.000000
67 3 0.568696 34.600000
68 0 0.000000 100.000000
69 1 0.296360 69.400000
70 0 0.000000 100.000000
71 5 0.514485 48.800000
72 0 0.000000 100.000000
73 10 0.449120 71.000000
74 1 0.601386 40.800000
75 5 0.506457 48.600000
76 0 0.000000 100.000000
77 1 0.211438 77.400000
78 0 0.000000 100.000000
79 0 0.000000 100.000000
80 0 0.000000 100.000000
81 0 0.000000 100.000000
82 0 0.000000 100.000000
83 96 0.745202 0.000000
84 71 0.730033 0.000000
85 99 0.870669 0.000000
86 0 0.000000 100.000000
87 360 0.788226 0.000000
88 0 0.000000 100.000000
89 5 0.481326 53.600000
90 0 0.000000 100.000000
91 0 0.000000 100.000000
92 0 0.000000 100.000000
93 0 0.000000 100.000000
94 0 0.000000 100.000000
95 0 0.000000 100.000000
96 0 0.000000 100.000000
97 62 0.840866 0.000000
98 0 0.000000 100.000000
99 15 0.645826 2.600000
100 47 0.883159 0.000000
101 80 0.827334 0.000000
102 1 0.400347 62.400000
103 0 0.000000 100.000000
104 0 0.000000 100.000000
105 0 0.000000 100.000000
106 0 0.000000 100.000000
107 1 0.701906 28.000000
108 3 0.593623 32.000000
109 3 0.665507 14.600000
110 0 0.000000 100.000000
111 127 0.825078 0.000000
112 58 0.857891 0.000000
113 0 0.000000 100.000000
114 2 0.288194 81.600000
115 0 0.000000 100.000000
116 0 0.000000 100.000000
117 0 0.000000 100.000000
118 4 0.498258 49.800000
119 0 0.000000 100.000000
120 27 0.698730 0.000000
121 0 0.000000 100.000000
122 3 0.427826 63.400000
123 0 0.000000 100.000000
124 2 0.890625 2.200000
125 1 0.407279 59.800000
126 11 0.398429 85.400000
127 2 0.460938 58.400000
128 1 0.298094 70.600000
129 0 0.000000 100.000000
130 0 0.000000 100.000000
131 0 0.000000 100.000000
132 7 0.390793 84.000000
133 3 0.359420 79.200000
134 113 0.848111 0.000000
135 41 0.889404 0.000000
136 243 0.827492 0.000000
137 28 0.633052 0.600000
138 0 0.000000 100.000000
139 1 0.488735 49.200000
140 0 0.000000 100.000000
141 0 0.000000 100.000000
142 68 0.776413 0.000000
143 0 0.000000 100.000000
144 0 0.000000 100.000000
145 0 0.000000 100.000000
146 17 0.376953 96.200000
147 0 0.000000 100.000000
148 18 0.667560 0.400000
149 6 0.697844 6.200000
150 5 0.338220 86.800000
151 0 0.000000 100.000000
152 3 0.894493 0.800000
153 0 0.000000 100.000000
154 0 0.000000 100.000000
155 0 0.000000 100.000000
156 0 0.000000 100.000000
157 0 0.000000 100.000000
158 0 0.000000 100.000000
159 0 0.000000 100.000000
160 0 0.000000 100.000000
161 0 0.000000 100.000000
162 0 0.000000 100.000000
163 0 0.000000 100.000000
164 0 0.000000 100.000000
165 0 0.000000 100.000000
166 0 0.000000 100.000000
167 0 0.000000 100.000000
168 99 0.783809 0.000000
169 9 0.456747 65.600000
170 52 0.759542 0.000000
171 30 0.669769 0.000000
172 2 0.269965 84.400000
173 4 0.367596 81.800000
174 0 0.000000 100.000000
175 14 0.689083 0.800000
176 101 0.890404 0.000000
177 0 0.000000 100.000000
178 69 0.807209 0.000000
179 77 0.854680 0.000000
180 132 0.814700 0.000000
181 76 0.885668 0.000000
182 17 0.720667 0.400000
183 259 0.853052 0.000000
184 0 0.000000 100.000000
185 0 0.000000 100.000000
186 0 0.000000 100.000000
187 11 0.494949 48.800000
188 0 0.000000 100.000000
189 0 0.000000 100.000000
190 0 0.000000 100.000000
191 0 0.000000 100.000000
192 0 0.000000 100.000000
193 0 0.000000 100.000000
194 0 0.000000 100.000000
195 1 0.939341 6.200000
196 2 0.672743 20.600000
197 1 0.901213 11.400000
198 0 0.000000 100.000000
199 3 0.238261 95.200000
200 0 0.000000 100.000000
201 0 0.000000 100.000000
202 0 0.000000 100.000000
203 1 0.039861 96.400000
204 0 0.000000 100.000000
205 0 0.000000 100.000000
206 0 0.000000 100.000000
207 0 0.000000 100.000000
208 3 0.477681 57.000000
209 0 0.000000 100.000000
210 13 0.396732 88.800000
211 0 0.000000 100.000000
212 0 0.000000 100.000000
213 17 0.702946 0.600000
214 0 0.000000 100.000000
215 0 0.000000 100.000000
216 0 0.000000 100.000000
217 0 0.000000 100.000000
218 0 0.000000 100.000000
219 0 0.000000 100.000000
220 0 0.000000 100.000000
221 0 0.000000 100.000000
222 0 0.000000 100.000000
223 2 0.580729 37.200000
224 0 0.000000 100.000000
225 0 0.000000 100.000000
226 0 0.000000 100.000000
227 0 0.000000 100.000000
228 0 0.000000 100.000000
229 0 0.000000 100.000000
230 1 0.535529 45.200000
231 0 0.000000 100.000000
232 0 0.000000 100.000000
233 0 0.000000 100.000000
234 1 0.223570 79.000000
235 0 0.000000 100.000000
236 4 0.638502 16.200000
237 4 0.839721 0.400000
238 2 0.488715 49.400000
239 0 0.000000 100.000000
240 0 0.000000 100.000000
241 0 0.000000 100.000000
242 0 0.000000 100.000000
243 0 0.000000 100.000000
244 3 0.470725 58.400000
245 15 0.642392 2.600000
246 0 0.000000 100.000000
247 0 0.000000 100.000000
248 0 0.000000 100.000000
249 0 0.000000 100.000000
250 0 0.000000 100.000000
251 0 0.000000 100.000000
252 0 0.000000 100.000000
253 0 0.000000 100.000000
254 0 0.000000 100.000000
255 0 0.000000 100.000000
256 0 0.000000 100.000000
257 0 0.000000 100.000000
258 0 0.000000 100.000000
259 0 0.000000 100.000000
260 0 0.000000 100.000000
261 0 0.000000 100.000000
262 0 0.000000 100.000000
263 0 0.000000 100.000000
264 0 0.000000 100.000000
265 0 0.000000 100.000000
266 0 0.000000 100.000000
267 0 0.000000 100.000000
268 0 0.000000 100.000000
269 0 0.000000 100.000000
270 0 0.000000 100.000000
271 0 0.000000 100.000000
272 0 0.000000 100.000000
273 486 0.906826 0.000000
274 463 0.813879 0.000000
275 12 0.347909 97.200000
276 0 0.000000 100.000000
277 21 0.593998 5.800000
278 366 0.805199 0.000000
279 43 0.795175 0.000000
280 25 0.675588 0.200000
281 18 0.602976 6.000000
282 10 0.678345 2.200000
283 7 0.465099 61.800000
284 0 0.000000 100.000000
285 0 0.000000 100.000000
286 355 0.801301 0.000000
287 7 0.506380 50.400000
288 0 0.000000 100.000000
289 0 0.000000 100.000000
290 5 0.635253 13.400000
291 0 0.000000 100.000000
292 0 0.000000 100.000000
293 15 0.464417 64.400000
294 578 0.000000 100.000000
295 6 0.227564 99.800000
296 5 0.290052 94.400000
297 5 0.243281 97.600000
298 0 0.000000 100.000000
299 402 0.748247 0.000000
300 251 0.776515 0.000000
301 556 0.763162 0.000000
302 89 0.791664 0.000000
303 0 0.000000 100.000000
304 114 0.767147 0.000000
305 2 0.523438 46.200000
306 567 0.699535 2.000000
307 0 0.000000 100.000000
308 0 0.000000 100.000000
309 0 0.000000 100.000000
310 0 0.000000 100.000000
311 0 0.000000 100.000000
312 0 0.000000 100.000000
313 0 0.000000 100.000000
314 0 0.000000 100.000000
315 0 0.000000 100.000000
316 0 0.000000 100.000000
317 0 0.000000 100.000000
318 0 0.000000 100.000000
0 0 0.000000 0.000000
